1040 1110 -139       
1040 1111 -139       
1040 1112 -139       
1040 1113 -139       
1040 1114 -139       
1040 1115 -139       
1040 1103 -138       
1040 1104 -138       
1040 1105 -138       
1040 1106 -138       
1040 1107 -138       
1040 1108 -138       
1040 1109 -138       
1040 1110 -138       
1040 1111 -138       
1040 1112 -138       
1040 1113 -138       
1040 1114 -138       
1040 1115 -138       
1040 1116 -138       
1040 1117 -138       
1040 1118 -138       
1040 1119 -138       
1040 1120 -138       
1040 1121 -138       
1040 1122 -138       
1040 1123 -138       
1040 1124 -138       
1040 1125 -138       
1040 1126 -138       
1040 1127 -138       
1040 1128 -138       
1040 1129 -138       
1040 1130 -138       
1040 1131 -138       
1040 1132 -138       
1040 1133 -138       
1040 1096 -137       
1040 1097 -137       
1040 1098 -137       
1040 1099 -137       
1040 1100 -137       
1040 1101 -137       
1040 1102 -137       
1040 1103 -137       
1040 1104 -137       
1040 1105 -137       
1040 1106 -137       
1040 1107 -137       
1040 1108 -137       
1040 1109 -137       
1040 1110 -137       
1040 1111 -137       
1040 1112 -137       
1040 1113 -137       
1040 1114 -137       
1040 1115 -137       
1040 1116 -137       
1040 1117 -137       
1040 1118 -137       
1040 1119 -137       
1040 1120 -137       
1040 1121 -137       
1040 1122 -137       
1040 1123 -137       
1040 1124 -137       
1040 1125 -137       
1040 1126 -137       
1040 1127 -137       
1040 1128 -137       
1040 1129 -137       
1040 1130 -137       
1040 1131 -137       
1040 1132 -137       
1040 1133 -137       
1040 1134 -137       
1040 1135 -137       
1040 1136 -137       
1040 1090 -136       
1040 1091 -136       
1040 1092 -136       
1040 1093 -136       
1040 1094 -136       
1040 1095 -136       
1040 1096 -136       
1040 1097 -136       
1040 1098 -136       
1040 1099 -136       
1040 1100 -136       
1040 1101 -136       
1040 1102 -136       
1040 1103 -136       
1040 1104 -136       
1040 1105 -136       
1040 1106 -136       
1040 1107 -136       
1040 1108 -136       
1040 1109 -136       
1040 1110 -136       
1040 1111 -136       
1040 1112 -136       
1040 1113 -136       
1040 1114 -136       
1040 1115 -136       
1040 1116 -136       
1040 1117 -136       
1040 1118 -136       
1040 1119 -136       
1040 1120 -136       
1040 1121 -136       
1040 1122 -136       
1040 1123 -136       
1040 1124 -136       
1040 1125 -136       
1040 1126 -136       
1040 1127 -136       
1040 1128 -136       
1040 1129 -136       
1040 1130 -136       
1040 1131 -136       
1040 1132 -136       
1040 1133 -136       
1040 1134 -136       
1040 1135 -136       
1040 1136 -136       
1040 1137 -136       
1040 1138 -136       
1040 1139 -136       
1040 1140 -136       
1040 1141 -136       
1040 1142 -136       
1040 1079 -135       
1040 1080 -135       
1040 1081 -135       
1040 1082 -135       
1040 1083 -135       
1040 1084 -135       
1040 1085 -135       
1040 1086 -135       
1040 1087 -135       
1040 1088 -135       
1040 1089 -135       
1040 1090 -135       
1040 1091 -135       
1040 1092 -135       
1040 1093 -135       
1040 1094 -135       
1040 1095 -135       
1040 1096 -135       
1040 1097 -135       
1040 1098 -135       
1040 1099 -135       
1040 1100 -135       
1040 1101 -135       
1040 1102 -135       
1040 1103 -135       
1040 1104 -135       
1040 1105 -135       
1040 1106 -135       
1040 1107 -135       
1040 1126 -135       
1040 1127 -135       
1040 1128 -135       
1040 1129 -135       
1040 1130 -135       
1040 1131 -135       
1040 1132 -135       
1040 1133 -135       
1040 1134 -135       
1040 1135 -135       
1040 1136 -135       
1040 1137 -135       
1040 1138 -135       
1040 1139 -135       
1040 1140 -135       
1040 1141 -135       
1040 1142 -135       
1040 1143 -135       
1040 1144 -135       
1040 1145 -135       
1040 1146 -135       
1040 1147 -135       
1040 1075 -134       
1040 1076 -134       
1040 1077 -134       
1040 1078 -134       
1040 1079 -134       
1040 1080 -134       
1040 1081 -134       
1040 1082 -134       
1040 1083 -134       
1040 1084 -134       
1040 1085 -134       
1040 1086 -134       
1040 1087 -134       
1040 1088 -134       
1040 1089 -134       
1040 1090 -134       
1040 1091 -134       
1040 1092 -134       
1040 1093 -134       
1040 1094 -134       
1040 1095 -134       
1040 1096 -134       
1040 1097 -134       
1040 1098 -134       
1040 1133 -134       
1040 1134 -134       
1040 1135 -134       
1040 1136 -134       
1040 1137 -134       
1040 1138 -134       
1040 1139 -134       
1040 1140 -134       
1040 1141 -134       
1040 1142 -134       
1040 1143 -134       
1040 1144 -134       
1040 1145 -134       
1040 1146 -134       
1040 1147 -134       
1040 1148 -134       
1040 1149 -134       
1040 1150 -134       
1040 1151 -134       
1040 1070 -133       
1040 1071 -133       
1040 1072 -133       
1040 1073 -133       
1040 1074 -133       
1040 1075 -133       
1040 1076 -133       
1040 1077 -133       
1040 1078 -133       
1040 1079 -133       
1040 1080 -133       
1040 1081 -133       
1040 1082 -133       
1040 1083 -133       
1040 1084 -133       
1040 1085 -133       
1040 1086 -133       
1040 1087 -133       
1040 1136 -133       
1040 1137 -133       
1040 1139 -133       
1040 1140 -133       
1040 1141 -133       
1040 1142 -133       
1040 1143 -133       
1040 1144 -133       
1040 1145 -133       
1040 1146 -133       
1040 1147 -133       
1040 1148 -133       
1040 1149 -133       
1040 1150 -133       
1040 1151 -133       
1040 1152 -133       
1040 1153 -133       
1040 1154 -133       
1040 1155 -133       
1040 1156 -133       
1040 1067 -132       
1040 1068 -132       
1040 1069 -132       
1040 1070 -132       
1040 1071 -132       
1040 1072 -132       
1040 1073 -132       
1040 1074 -132       
1040 1075 -132       
1040 1076 -132       
1040 1077 -132       
1040 1078 -132       
1040 1079 -132       
1040 1080 -132       
1040 1081 -132       
1040 1082 -132       
1040 1083 -132       
1040 1146 -132       
1040 1147 -132       
1040 1148 -132       
1040 1149 -132       
1040 1150 -132       
1040 1151 -132       
1040 1152 -132       
1040 1153 -132       
1040 1154 -132       
1040 1155 -132       
1040 1156 -132       
1040 1157 -132       
1040 1158 -132       
1040 1159 -132       
1040 1063 -131       
1040 1064 -131       
1040 1065 -131       
1040 1066 -131       
1040 1067 -131       
1040 1068 -131       
1040 1069 -131       
1040 1070 -131       
1040 1071 -131       
1040 1072 -131       
1040 1073 -131       
1040 1074 -131       
1040 1075 -131       
1040 1076 -131       
1040 1077 -131       
1040 1151 -131       
1040 1152 -131       
1040 1153 -131       
1040 1154 -131       
1040 1155 -131       
1040 1156 -131       
1040 1157 -131       
1040 1158 -131       
1040 1159 -131       
1040 1160 -131       
1040 1161 -131       
1040 1162 -131       
1040 1060 -130       
1040 1061 -130       
1040 1062 -130       
1040 1063 -130       
1040 1064 -130       
1040 1065 -130       
1040 1066 -130       
1040 1067 -130       
1040 1068 -130       
1040 1069 -130       
1040 1070 -130       
1040 1071 -130       
1040 1072 -130       
1040 1073 -130       
1040 1155 -130       
1040 1156 -130       
1040 1157 -130       
1040 1158 -130       
1040 1159 -130       
1040 1160 -130       
1040 1161 -130       
1040 1162 -130       
1040 1163 -130       
1040 1164 -130       
1040 1165 -130       
1040 1166 -130       
1040 1057 -129       
1040 1058 -129       
1040 1059 -129       
1040 1060 -129       
1040 1061 -129       
1040 1062 -129       
1040 1063 -129       
1040 1064 -129       
1040 1065 -129       
1040 1066 -129       
1040 1067 -129       
1040 1068 -129       
1040 1069 -129       
1040 1070 -129       
1040 1157 -129       
1040 1158 -129       
1040 1159 -129       
1040 1160 -129       
1040 1161 -129       
1040 1162 -129       
1040 1163 -129       
1040 1164 -129       
1040 1165 -129       
1040 1166 -129       
1040 1167 -129       
1040 1168 -129       
1040 1169 -129       
1040 1170 -129       
1040 1055 -128       
1040 1056 -128       
1040 1057 -128       
1040 1058 -128       
1040 1059 -128       
1040 1060 -128       
1040 1061 -128       
1040 1062 -128       
1040 1063 -128       
1040 1064 -128       
1040 1065 -128       
1040 1066 -128       
1040 1067 -128       
1040 1068 -128       
1040 1160 -128       
1040 1161 -128       
1040 1162 -128       
1040 1163 -128       
1040 1164 -128       
1040 1165 -128       
1040 1166 -128       
1040 1167 -128       
1040 1168 -128       
1040 1169 -128       
1040 1170 -128       
1040 1171 -128       
1040 1172 -128       
1040 1173 -128       
1040 1052 -127       
1040 1053 -127       
1040 1054 -127       
1040 1055 -127       
1040 1056 -127       
1040 1057 -127       
1040 1058 -127       
1040 1059 -127       
1040 1060 -127       
1040 1061 -127       
1040 1062 -127       
1040 1063 -127       
1040 1162 -127       
1040 1163 -127       
1040 1164 -127       
1040 1165 -127       
1040 1166 -127       
1040 1167 -127       
1040 1168 -127       
1040 1169 -127       
1040 1170 -127       
1040 1171 -127       
1040 1172 -127       
1040 1173 -127       
1040 1174 -127       
1040 1175 -127       
1040 1176 -127       
1040 1177 -127       
1040 1050 -126       
1040 1051 -126       
1040 1052 -126       
1040 1053 -126       
1040 1054 -126       
1040 1055 -126       
1040 1056 -126       
1040 1057 -126       
1040 1058 -126       
1040 1059 -126       
1040 1060 -126       
1040 1166 -126       
1040 1167 -126       
1040 1168 -126       
1040 1169 -126       
1040 1170 -126       
1040 1171 -126       
1040 1172 -126       
1040 1173 -126       
1040 1174 -126       
1040 1175 -126       
1040 1176 -126       
1040 1177 -126       
1040 1178 -126       
1040 1179 -126       
1040 1047 -125       
1040 1048 -125       
1040 1049 -125       
1040 1050 -125       
1040 1051 -125       
1040 1052 -125       
1040 1053 -125       
1040 1054 -125       
1040 1055 -125       
1040 1056 -125       
1040 1057 -125       
1040 1169 -125       
1040 1170 -125       
1040 1171 -125       
1040 1172 -125       
1040 1173 -125       
1040 1174 -125       
1040 1175 -125       
1040 1176 -125       
1040 1177 -125       
1040 1178 -125       
1040 1179 -125       
1040 1180 -125       
1040 1045 -124       
1040 1046 -124       
1040 1047 -124       
1040 1048 -124       
1040 1049 -124       
1040 1050 -124       
1040 1051 -124       
1040 1052 -124       
1040 1053 -124       
1040 1054 -124       
1040 1055 -124       
1040 1171 -124       
1040 1172 -124       
1040 1173 -124       
1040 1174 -124       
1040 1175 -124       
1040 1176 -124       
1040 1177 -124       
1040 1178 -124       
1040 1179 -124       
1040 1180 -124       
1040 1181 -124       
1040 1182 -124       
1040 1043 -123       
1040 1044 -123       
1040 1045 -123       
1040 1046 -123       
1040 1047 -123       
1040 1048 -123       
1040 1049 -123       
1040 1050 -123       
1040 1051 -123       
1040 1052 -123       
1040 1053 -123       
1040 1173 -123       
1040 1174 -123       
1040 1175 -123       
1040 1176 -123       
1040 1177 -123       
1040 1178 -123       
1040 1179 -123       
1040 1180 -123       
1040 1181 -123       
1040 1182 -123       
1040 1183 -123       
1040 1041 -122       
1040 1042 -122       
1040 1043 -122       
1040 1044 -122       
1040 1045 -122       
1040 1046 -122       
1040 1047 -122       
1040 1048 -122       
1040 1049 -122       
1040 1050 -122       
1040 1176 -122       
1040 1177 -122       
1040 1178 -122       
1040 1179 -122       
1040 1180 -122       
1040 1181 -122       
1040 1182 -122       
1040 1183 -122       
1040 1184 -122       
1040 1185 -122       
1040 1186 -122       
1040 1039 -121       
1040 1040 -121       
1040 1041 -121       
1040 1042 -121       
1040 1043 -121       
1040 1044 -121       
1040 1045 -121       
1040 1046 -121       
1040 1047 -121       
1040 1048 -121       
1040 1049 -121       
1040 1178 -121       
1040 1179 -121       
1040 1180 -121       
1040 1181 -121       
1040 1182 -121       
1040 1183 -121       
1040 1184 -121       
1040 1185 -121       
1040 1186 -121       
1040 1187 -121       
1040 1037 -120       
1040 1038 -120       
1040 1039 -120       
1040 1040 -120       
1040 1041 -120       
1040 1042 -120       
1040 1043 -120       
1040 1044 -120       
1040 1045 -120       
1040 1046 -120       
1040 1047 -120       
1040 1180 -120       
1040 1181 -120       
1040 1182 -120       
1040 1183 -120       
1040 1184 -120       
1040 1185 -120       
1040 1186 -120       
1040 1187 -120       
1040 1188 -120       
1040 1189 -120       
1040 1036 -119       
1040 1037 -119       
1040 1038 -119       
1040 1039 -119       
1040 1040 -119       
1040 1041 -119       
1040 1042 -119       
1040 1043 -119       
1040 1182 -119       
1040 1183 -119       
1040 1184 -119       
1040 1185 -119       
1040 1186 -119       
1040 1187 -119       
1040 1188 -119       
1040 1189 -119       
1040 1190 -119       
1040 1034 -118       
1040 1035 -118       
1040 1036 -118       
1040 1037 -118       
1040 1038 -118       
1040 1039 -118       
1040 1040 -118       
1040 1041 -118       
1040 1183 -118       
1040 1184 -118       
1040 1185 -118       
1040 1186 -118       
1040 1187 -118       
1040 1188 -118       
1040 1189 -118       
1040 1190 -118       
1040 1191 -118       
1040 1032 -117       
1040 1033 -117       
1040 1034 -117       
1040 1035 -117       
1040 1036 -117       
1040 1037 -117       
1040 1038 -117       
1040 1039 -117       
1040 1185 -117       
1040 1186 -117       
1040 1187 -117       
1040 1188 -117       
1040 1189 -117       
1040 1190 -117       
1040 1191 -117       
1040 1192 -117       
1040 1030 -116       
1040 1031 -116       
1040 1032 -116       
1040 1033 -116       
1040 1034 -116       
1040 1035 -116       
1040 1036 -116       
1040 1037 -116       
1040 1038 -116       
1040 1187 -116       
1040 1188 -116       
1040 1189 -116       
1040 1190 -116       
1040 1191 -116       
1040 1192 -116       
1040 1193 -116       
1040 1194 -116       
1040 1029 -115       
1040 1030 -115       
1040 1031 -115       
1040 1032 -115       
1040 1033 -115       
1040 1034 -115       
1040 1035 -115       
1040 1036 -115       
1040 1189 -115       
1040 1190 -115       
1040 1191 -115       
1040 1192 -115       
1040 1193 -115       
1040 1194 -115       
1040 1195 -115       
1040 1027 -114       
1040 1028 -114       
1040 1029 -114       
1040 1030 -114       
1040 1031 -114       
1040 1032 -114       
1040 1033 -114       
1040 1034 -114       
1040 1192 -114       
1040 1193 -114       
1040 1194 -114       
1040 1195 -114       
1040 1196 -114       
1040 1026 -113       
1040 1027 -113       
1040 1028 -113       
1040 1029 -113       
1040 1030 -113       
1040 1031 -113       
1040 1032 -113       
1040 1193 -113       
1040 1194 -113       
1040 1195 -113       
1040 1196 -113       
1040 1197 -113       
1040 1023 -112       
1040 1024 -112       
1040 1025 -112       
1040 1026 -112       
1040 1027 -112       
1040 1028 -112       
1040 1029 -112       
1040 1030 -112       
1040 1031 -112       
1040 1194 -112       
1040 1195 -112       
1040 1196 -112       
1040 1197 -112       
1040 1198 -112       
1040 1199 -112       
1040 1022 -111       
1040 1023 -111       
1040 1024 -111       
1040 1025 -111       
1040 1026 -111       
1040 1027 -111       
1040 1028 -111       
1040 1029 -111       
1040 1195 -111       
1040 1196 -111       
1040 1197 -111       
1040 1198 -111       
1040 1199 -111       
1040 1200 -111       
1040 1021 -110       
1040 1022 -110       
1040 1023 -110       
1040 1024 -110       
1040 1025 -110       
1040 1026 -110       
1040 1027 -110       
1040 1028 -110       
1040 1197 -110       
1040 1198 -110       
1040 1199 -110       
1040 1200 -110       
1040 1201 -110       
1040 1019 -109       
1040 1020 -109       
1040 1021 -109       
1040 1022 -109       
1040 1023 -109       
1040 1024 -109       
1040 1025 -109       
1040 1026 -109       
1040 1198 -109       
1040 1199 -109       
1040 1200 -109       
1040 1201 -109       
1040 1202 -109       
1040 1203 -109       
1040 1018 -108       
1040 1019 -108       
1040 1020 -108       
1040 1021 -108       
1040 1022 -108       
1040 1023 -108       
1040 1024 -108       
1040 1199 -108       
1040 1200 -108       
1040 1201 -108       
1040 1202 -108       
1040 1203 -108       
1040 1204 -108       
1040 1016 -107       
1040 1017 -107       
1040 1018 -107       
1040 1019 -107       
1040 1020 -107       
1040 1021 -107       
1040 1022 -107       
1040 1200 -107       
1040 1201 -107       
1040 1202 -107       
1040 1203 -107       
1040 1204 -107       
1040 1014 -106       
1040 1015 -106       
1040 1016 -106       
1040 1017 -106       
1040 1018 -106       
1040 1019 -106       
1040 1020 -106       
1040 1021 -106       
1040 1201 -106       
1040 1202 -106       
1040 1203 -106       
1040 1204 -106       
1040 1205 -106       
1040 1206 -106       
1040 1013 -105       
1040 1014 -105       
1040 1015 -105       
1040 1016 -105       
1040 1017 -105       
1040 1018 -105       
1040 1019 -105       
1040 1202 -105       
1040 1203 -105       
1040 1204 -105       
1040 1205 -105       
1040 1206 -105       
1040 1012 -104       
1040 1013 -104       
1040 1014 -104       
1040 1015 -104       
1040 1016 -104       
1040 1017 -104       
1040 1018 -104       
1040 1202 -104       
1040 1203 -104       
1040 1204 -104       
1040 1205 -104       
1040 1206 -104       
1040 1207 -104       
1040 1011 -103       
1040 1012 -103       
1040 1013 -103       
1040 1014 -103       
1040 1015 -103       
1040 1016 -103       
1040 1017 -103       
1040 1203 -103       
1040 1204 -103       
1040 1205 -103       
1040 1206 -103       
1040 1207 -103       
1040 1208 -103       
1040 696 -102       
1040 697 -102       
1040 700 -102       
1040 703 -102       
1040 704 -102       
1040 705 -102       
1040 714 -102       
1040 715 -102       
1040 716 -102       
1040 717 -102       
1040 1008 -102       
1040 1009 -102       
1040 1010 -102       
1040 1011 -102       
1040 1012 -102       
1040 1013 -102       
1040 1014 -102       
1040 1015 -102       
1040 1204 -102       
1040 1205 -102       
1040 1206 -102       
1040 1207 -102       
1040 1208 -102       
1040 1209 -102       
1040 684 -101       
1040 685 -101       
1040 686 -101       
1040 687 -101       
1040 688 -101       
1040 689 -101       
1040 690 -101       
1040 691 -101       
1040 692 -101       
1040 693 -101       
1040 694 -101       
1040 695 -101       
1040 696 -101       
1040 697 -101       
1040 698 -101       
1040 699 -101       
1040 700 -101       
1040 701 -101       
1040 702 -101       
1040 703 -101       
1040 704 -101       
1040 705 -101       
1040 706 -101       
1040 707 -101       
1040 708 -101       
1040 709 -101       
1040 710 -101       
1040 711 -101       
1040 712 -101       
1040 713 -101       
1040 714 -101       
1040 715 -101       
1040 716 -101       
1040 717 -101       
1040 718 -101       
1040 719 -101       
1040 720 -101       
1040 721 -101       
1040 722 -101       
1040 723 -101       
1040 724 -101       
1040 725 -101       
1040 726 -101       
1040 1007 -101       
1040 1008 -101       
1040 1009 -101       
1040 1010 -101       
1040 1011 -101       
1040 1012 -101       
1040 1013 -101       
1040 1205 -101       
1040 1206 -101       
1040 1207 -101       
1040 1208 -101       
1040 1209 -101       
1040 675 -100       
1040 676 -100       
1040 677 -100       
1040 678 -100       
1040 679 -100       
1040 680 -100       
1040 681 -100       
1040 682 -100       
1040 683 -100       
1040 684 -100       
1040 685 -100       
1040 686 -100       
1040 687 -100       
1040 688 -100       
1040 689 -100       
1040 690 -100       
1040 691 -100       
1040 692 -100       
1040 693 -100       
1040 694 -100       
1040 695 -100       
1040 696 -100       
1040 697 -100       
1040 698 -100       
1040 699 -100       
1040 700 -100       
1040 701 -100       
1040 702 -100       
1040 703 -100       
1040 704 -100       
1040 705 -100       
1040 706 -100       
1040 707 -100       
1040 708 -100       
1040 709 -100       
1040 710 -100       
1040 711 -100       
1040 712 -100       
1040 713 -100       
1040 714 -100       
1040 715 -100       
1040 716 -100       
1040 717 -100       
1040 718 -100       
1040 719 -100       
1040 720 -100       
1040 721 -100       
1040 722 -100       
1040 723 -100       
1040 724 -100       
1040 725 -100       
1040 726 -100       
1040 727 -100       
1040 728 -100       
1040 729 -100       
1040 730 -100       
1040 731 -100       
1040 732 -100       
1040 733 -100       
1040 1006 -100       
1040 1007 -100       
1040 1008 -100       
1040 1009 -100       
1040 1010 -100       
1040 1011 -100       
1040 1012 -100       
1040 1206 -100       
1040 1207 -100       
1040 1208 -100       
1040 1209 -100       
1040 1210 -100       
1040 668 -99       
1040 669 -99       
1040 670 -99       
1040 671 -99       
1040 672 -99       
1040 673 -99       
1040 674 -99       
1040 675 -99       
1040 676 -99       
1040 677 -99       
1040 678 -99       
1040 679 -99       
1040 680 -99       
1040 681 -99       
1040 682 -99       
1040 683 -99       
1040 684 -99       
1040 685 -99       
1040 686 -99       
1040 687 -99       
1040 688 -99       
1040 689 -99       
1040 690 -99       
1040 691 -99       
1040 692 -99       
1040 693 -99       
1040 694 -99       
1040 695 -99       
1040 696 -99       
1040 697 -99       
1040 698 -99       
1040 699 -99       
1040 700 -99       
1040 701 -99       
1040 702 -99       
1040 703 -99       
1040 712 -99       
1040 713 -99       
1040 714 -99       
1040 715 -99       
1040 718 -99       
1040 719 -99       
1040 720 -99       
1040 721 -99       
1040 722 -99       
1040 723 -99       
1040 724 -99       
1040 725 -99       
1040 726 -99       
1040 727 -99       
1040 728 -99       
1040 729 -99       
1040 730 -99       
1040 731 -99       
1040 732 -99       
1040 733 -99       
1040 734 -99       
1040 735 -99       
1040 736 -99       
1040 737 -99       
1040 738 -99       
1040 739 -99       
1040 740 -99       
1040 741 -99       
1040 1005 -99       
1040 1006 -99       
1040 1007 -99       
1040 1008 -99       
1040 1009 -99       
1040 1010 -99       
1040 1207 -99       
1040 1208 -99       
1040 1209 -99       
1040 1210 -99       
1040 1211 -99       
1040 663 -98       
1040 664 -98       
1040 665 -98       
1040 666 -98       
1040 667 -98       
1040 668 -98       
1040 669 -98       
1040 670 -98       
1040 671 -98       
1040 672 -98       
1040 673 -98       
1040 674 -98       
1040 675 -98       
1040 676 -98       
1040 677 -98       
1040 678 -98       
1040 679 -98       
1040 680 -98       
1040 681 -98       
1040 723 -98       
1040 724 -98       
1040 725 -98       
1040 726 -98       
1040 727 -98       
1040 728 -98       
1040 729 -98       
1040 730 -98       
1040 731 -98       
1040 732 -98       
1040 733 -98       
1040 734 -98       
1040 735 -98       
1040 736 -98       
1040 737 -98       
1040 738 -98       
1040 739 -98       
1040 740 -98       
1040 741 -98       
1040 742 -98       
1040 743 -98       
1040 744 -98       
1040 745 -98       
1040 1004 -98       
1040 1005 -98       
1040 1006 -98       
1040 1007 -98       
1040 1008 -98       
1040 1207 -98       
1040 1208 -98       
1040 1209 -98       
1040 1210 -98       
1040 1211 -98       
1040 1212 -98       
1040 654 -97       
1040 655 -97       
1040 656 -97       
1040 657 -97       
1040 658 -97       
1040 659 -97       
1040 660 -97       
1040 661 -97       
1040 662 -97       
1040 663 -97       
1040 664 -97       
1040 665 -97       
1040 666 -97       
1040 667 -97       
1040 668 -97       
1040 669 -97       
1040 670 -97       
1040 671 -97       
1040 672 -97       
1040 673 -97       
1040 674 -97       
1040 675 -97       
1040 735 -97       
1040 736 -97       
1040 737 -97       
1040 738 -97       
1040 739 -97       
1040 740 -97       
1040 741 -97       
1040 742 -97       
1040 743 -97       
1040 744 -97       
1040 745 -97       
1040 746 -97       
1040 747 -97       
1040 748 -97       
1040 749 -97       
1040 750 -97       
1040 1003 -97       
1040 1004 -97       
1040 1005 -97       
1040 1006 -97       
1040 1007 -97       
1040 1208 -97       
1040 1209 -97       
1040 1210 -97       
1040 1211 -97       
1040 1212 -97       
1040 648 -96       
1040 649 -96       
1040 650 -96       
1040 651 -96       
1040 652 -96       
1040 653 -96       
1040 654 -96       
1040 655 -96       
1040 656 -96       
1040 657 -96       
1040 658 -96       
1040 659 -96       
1040 660 -96       
1040 661 -96       
1040 662 -96       
1040 663 -96       
1040 664 -96       
1040 665 -96       
1040 740 -96       
1040 741 -96       
1040 742 -96       
1040 743 -96       
1040 744 -96       
1040 745 -96       
1040 746 -96       
1040 747 -96       
1040 748 -96       
1040 749 -96       
1040 750 -96       
1040 751 -96       
1040 752 -96       
1040 753 -96       
1040 754 -96       
1040 755 -96       
1040 1001 -96       
1040 1002 -96       
1040 1003 -96       
1040 1004 -96       
1040 1005 -96       
1040 1006 -96       
1040 1208 -96       
1040 1209 -96       
1040 1210 -96       
1040 1211 -96       
1040 1212 -96       
1040 1213 -96       
1040 645 -95       
1040 646 -95       
1040 647 -95       
1040 648 -95       
1040 649 -95       
1040 650 -95       
1040 651 -95       
1040 652 -95       
1040 653 -95       
1040 654 -95       
1040 655 -95       
1040 656 -95       
1040 657 -95       
1040 658 -95       
1040 745 -95       
1040 746 -95       
1040 747 -95       
1040 748 -95       
1040 749 -95       
1040 750 -95       
1040 751 -95       
1040 752 -95       
1040 753 -95       
1040 754 -95       
1040 755 -95       
1040 756 -95       
1040 757 -95       
1040 758 -95       
1040 759 -95       
1040 999 -95       
1040 1000 -95       
1040 1001 -95       
1040 1002 -95       
1040 1003 -95       
1040 1004 -95       
1040 1208 -95       
1040 1209 -95       
1040 1210 -95       
1040 1211 -95       
1040 1212 -95       
1040 1213 -95       
1040 638 -94       
1040 639 -94       
1040 640 -94       
1040 641 -94       
1040 642 -94       
1040 643 -94       
1040 644 -94       
1040 645 -94       
1040 646 -94       
1040 647 -94       
1040 648 -94       
1040 649 -94       
1040 650 -94       
1040 651 -94       
1040 652 -94       
1040 653 -94       
1040 654 -94       
1040 750 -94       
1040 751 -94       
1040 752 -94       
1040 753 -94       
1040 754 -94       
1040 755 -94       
1040 756 -94       
1040 757 -94       
1040 758 -94       
1040 759 -94       
1040 760 -94       
1040 761 -94       
1040 762 -94       
1040 763 -94       
1040 764 -94       
1040 997 -94       
1040 998 -94       
1040 999 -94       
1040 1000 -94       
1040 1001 -94       
1040 1002 -94       
1040 1003 -94       
1040 1209 -94       
1040 1210 -94       
1040 1211 -94       
1040 1212 -94       
1040 1213 -94       
1040 1214 -94       
1040 633 -93       
1040 634 -93       
1040 635 -93       
1040 636 -93       
1040 637 -93       
1040 638 -93       
1040 639 -93       
1040 640 -93       
1040 641 -93       
1040 642 -93       
1040 643 -93       
1040 644 -93       
1040 645 -93       
1040 646 -93       
1040 647 -93       
1040 648 -93       
1040 754 -93       
1040 755 -93       
1040 756 -93       
1040 757 -93       
1040 758 -93       
1040 759 -93       
1040 760 -93       
1040 761 -93       
1040 762 -93       
1040 763 -93       
1040 764 -93       
1040 765 -93       
1040 766 -93       
1040 767 -93       
1040 768 -93       
1040 769 -93       
1040 996 -93       
1040 997 -93       
1040 998 -93       
1040 999 -93       
1040 1000 -93       
1040 1001 -93       
1040 1002 -93       
1040 1209 -93       
1040 1210 -93       
1040 1211 -93       
1040 1212 -93       
1040 1213 -93       
1040 1214 -93       
1040 631 -92       
1040 632 -92       
1040 633 -92       
1040 634 -92       
1040 635 -92       
1040 636 -92       
1040 637 -92       
1040 638 -92       
1040 639 -92       
1040 640 -92       
1040 641 -92       
1040 642 -92       
1040 758 -92       
1040 759 -92       
1040 760 -92       
1040 761 -92       
1040 762 -92       
1040 763 -92       
1040 764 -92       
1040 765 -92       
1040 766 -92       
1040 767 -92       
1040 768 -92       
1040 769 -92       
1040 770 -92       
1040 771 -92       
1040 772 -92       
1040 773 -92       
1040 774 -92       
1040 995 -92       
1040 996 -92       
1040 997 -92       
1040 998 -92       
1040 999 -92       
1040 1000 -92       
1040 1210 -92       
1040 1211 -92       
1040 1212 -92       
1040 1213 -92       
1040 1214 -92       
1040 628 -91       
1040 629 -91       
1040 630 -91       
1040 631 -91       
1040 632 -91       
1040 633 -91       
1040 634 -91       
1040 635 -91       
1040 636 -91       
1040 637 -91       
1040 638 -91       
1040 764 -91       
1040 765 -91       
1040 766 -91       
1040 767 -91       
1040 768 -91       
1040 769 -91       
1040 770 -91       
1040 771 -91       
1040 772 -91       
1040 773 -91       
1040 774 -91       
1040 775 -91       
1040 776 -91       
1040 777 -91       
1040 993 -91       
1040 994 -91       
1040 995 -91       
1040 996 -91       
1040 997 -91       
1040 998 -91       
1040 1211 -91       
1040 1212 -91       
1040 1213 -91       
1040 1214 -91       
1040 1215 -91       
1040 621 -90       
1040 622 -90       
1040 623 -90       
1040 624 -90       
1040 625 -90       
1040 626 -90       
1040 627 -90       
1040 628 -90       
1040 629 -90       
1040 630 -90       
1040 631 -90       
1040 632 -90       
1040 633 -90       
1040 768 -90       
1040 769 -90       
1040 770 -90       
1040 771 -90       
1040 772 -90       
1040 773 -90       
1040 774 -90       
1040 775 -90       
1040 776 -90       
1040 777 -90       
1040 778 -90       
1040 779 -90       
1040 780 -90       
1040 781 -90       
1040 782 -90       
1040 783 -90       
1040 784 -90       
1040 992 -90       
1040 993 -90       
1040 994 -90       
1040 995 -90       
1040 996 -90       
1040 997 -90       
1040 998 -90       
1040 1211 -90       
1040 1212 -90       
1040 1213 -90       
1040 1214 -90       
1040 1215 -90       
1040 1216 -90       
1040 618 -89       
1040 619 -89       
1040 620 -89       
1040 621 -89       
1040 622 -89       
1040 623 -89       
1040 624 -89       
1040 625 -89       
1040 626 -89       
1040 627 -89       
1040 628 -89       
1040 629 -89       
1040 771 -89       
1040 772 -89       
1040 773 -89       
1040 774 -89       
1040 775 -89       
1040 776 -89       
1040 777 -89       
1040 778 -89       
1040 779 -89       
1040 780 -89       
1040 781 -89       
1040 782 -89       
1040 783 -89       
1040 784 -89       
1040 785 -89       
1040 786 -89       
1040 787 -89       
1040 788 -89       
1040 789 -89       
1040 790 -89       
1040 791 -89       
1040 991 -89       
1040 992 -89       
1040 993 -89       
1040 994 -89       
1040 995 -89       
1040 996 -89       
1040 1212 -89       
1040 1213 -89       
1040 1214 -89       
1040 1215 -89       
1040 1216 -89       
1040 615 -88       
1040 616 -88       
1040 617 -88       
1040 618 -88       
1040 619 -88       
1040 620 -88       
1040 621 -88       
1040 622 -88       
1040 623 -88       
1040 624 -88       
1040 625 -88       
1040 779 -88       
1040 780 -88       
1040 781 -88       
1040 782 -88       
1040 783 -88       
1040 784 -88       
1040 785 -88       
1040 786 -88       
1040 787 -88       
1040 788 -88       
1040 789 -88       
1040 790 -88       
1040 791 -88       
1040 792 -88       
1040 793 -88       
1040 794 -88       
1040 990 -88       
1040 991 -88       
1040 992 -88       
1040 993 -88       
1040 994 -88       
1040 995 -88       
1040 1212 -88       
1040 1213 -88       
1040 1214 -88       
1040 1215 -88       
1040 1216 -88       
1040 611 -87       
1040 612 -87       
1040 613 -87       
1040 614 -87       
1040 615 -87       
1040 616 -87       
1040 617 -87       
1040 618 -87       
1040 619 -87       
1040 620 -87       
1040 621 -87       
1040 785 -87       
1040 786 -87       
1040 787 -87       
1040 788 -87       
1040 789 -87       
1040 790 -87       
1040 791 -87       
1040 792 -87       
1040 793 -87       
1040 794 -87       
1040 795 -87       
1040 796 -87       
1040 797 -87       
1040 798 -87       
1040 799 -87       
1040 988 -87       
1040 989 -87       
1040 990 -87       
1040 991 -87       
1040 992 -87       
1040 993 -87       
1040 1213 -87       
1040 1214 -87       
1040 1215 -87       
1040 1216 -87       
1040 1217 -87       
1040 608 -86       
1040 609 -86       
1040 610 -86       
1040 611 -86       
1040 612 -86       
1040 613 -86       
1040 614 -86       
1040 615 -86       
1040 616 -86       
1040 617 -86       
1040 789 -86       
1040 790 -86       
1040 791 -86       
1040 792 -86       
1040 793 -86       
1040 794 -86       
1040 795 -86       
1040 796 -86       
1040 797 -86       
1040 798 -86       
1040 799 -86       
1040 800 -86       
1040 801 -86       
1040 802 -86       
1040 803 -86       
1040 987 -86       
1040 988 -86       
1040 989 -86       
1040 990 -86       
1040 991 -86       
1040 992 -86       
1040 1214 -86       
1040 1215 -86       
1040 1216 -86       
1040 1217 -86       
1040 604 -85       
1040 605 -85       
1040 607 -85       
1040 608 -85       
1040 609 -85       
1040 610 -85       
1040 611 -85       
1040 612 -85       
1040 613 -85       
1040 614 -85       
1040 791 -85       
1040 792 -85       
1040 793 -85       
1040 794 -85       
1040 795 -85       
1040 796 -85       
1040 797 -85       
1040 798 -85       
1040 799 -85       
1040 800 -85       
1040 801 -85       
1040 802 -85       
1040 803 -85       
1040 804 -85       
1040 805 -85       
1040 806 -85       
1040 807 -85       
1040 808 -85       
1040 986 -85       
1040 987 -85       
1040 988 -85       
1040 989 -85       
1040 990 -85       
1040 991 -85       
1040 1214 -85       
1040 1215 -85       
1040 1216 -85       
1040 1217 -85       
1040 1218 -85       
1040 601 -84       
1040 602 -84       
1040 603 -84       
1040 604 -84       
1040 605 -84       
1040 606 -84       
1040 607 -84       
1040 608 -84       
1040 609 -84       
1040 800 -84       
1040 801 -84       
1040 802 -84       
1040 803 -84       
1040 804 -84       
1040 805 -84       
1040 806 -84       
1040 807 -84       
1040 808 -84       
1040 809 -84       
1040 810 -84       
1040 811 -84       
1040 985 -84       
1040 986 -84       
1040 987 -84       
1040 988 -84       
1040 989 -84       
1040 1215 -84       
1040 1216 -84       
1040 1217 -84       
1040 1218 -84       
1040 596 -83       
1040 597 -83       
1040 598 -83       
1040 599 -83       
1040 600 -83       
1040 601 -83       
1040 602 -83       
1040 603 -83       
1040 604 -83       
1040 605 -83       
1040 606 -83       
1040 803 -83       
1040 804 -83       
1040 805 -83       
1040 806 -83       
1040 807 -83       
1040 808 -83       
1040 809 -83       
1040 810 -83       
1040 811 -83       
1040 812 -83       
1040 813 -83       
1040 814 -83       
1040 815 -83       
1040 816 -83       
1040 817 -83       
1040 984 -83       
1040 985 -83       
1040 986 -83       
1040 987 -83       
1040 988 -83       
1040 1215 -83       
1040 1216 -83       
1040 1217 -83       
1040 1218 -83       
1040 1219 -83       
1040 593 -82       
1040 594 -82       
1040 595 -82       
1040 596 -82       
1040 597 -82       
1040 598 -82       
1040 599 -82       
1040 600 -82       
1040 601 -82       
1040 602 -82       
1040 807 -82       
1040 808 -82       
1040 809 -82       
1040 810 -82       
1040 811 -82       
1040 812 -82       
1040 813 -82       
1040 814 -82       
1040 815 -82       
1040 816 -82       
1040 817 -82       
1040 818 -82       
1040 819 -82       
1040 820 -82       
1040 821 -82       
1040 822 -82       
1040 823 -82       
1040 982 -82       
1040 983 -82       
1040 984 -82       
1040 985 -82       
1040 986 -82       
1040 987 -82       
1040 1216 -82       
1040 1217 -82       
1040 1218 -82       
1040 1219 -82       
1040 1220 -82       
1040 1221 -82       
1040 1222 -82       
1040 590 -81       
1040 591 -81       
1040 592 -81       
1040 593 -81       
1040 594 -81       
1040 595 -81       
1040 596 -81       
1040 597 -81       
1040 598 -81       
1040 599 -81       
1040 811 -81       
1040 812 -81       
1040 813 -81       
1040 814 -81       
1040 815 -81       
1040 816 -81       
1040 817 -81       
1040 818 -81       
1040 819 -81       
1040 820 -81       
1040 821 -81       
1040 822 -81       
1040 823 -81       
1040 824 -81       
1040 825 -81       
1040 826 -81       
1040 827 -81       
1040 828 -81       
1040 981 -81       
1040 982 -81       
1040 983 -81       
1040 984 -81       
1040 985 -81       
1040 986 -81       
1040 1216 -81       
1040 1217 -81       
1040 1218 -81       
1040 1219 -81       
1040 1220 -81       
1040 1221 -81       
1040 1222 -81       
1040 587 -80       
1040 588 -80       
1040 589 -80       
1040 590 -80       
1040 591 -80       
1040 592 -80       
1040 593 -80       
1040 594 -80       
1040 816 -80       
1040 817 -80       
1040 818 -80       
1040 819 -80       
1040 820 -80       
1040 821 -80       
1040 822 -80       
1040 823 -80       
1040 824 -80       
1040 825 -80       
1040 826 -80       
1040 827 -80       
1040 828 -80       
1040 829 -80       
1040 830 -80       
1040 831 -80       
1040 832 -80       
1040 981 -80       
1040 982 -80       
1040 983 -80       
1040 984 -80       
1040 985 -80       
1040 1216 -80       
1040 1217 -80       
1040 1218 -80       
1040 585 -79       
1040 586 -79       
1040 587 -79       
1040 588 -79       
1040 589 -79       
1040 590 -79       
1040 591 -79       
1040 823 -79       
1040 824 -79       
1040 825 -79       
1040 826 -79       
1040 827 -79       
1040 828 -79       
1040 829 -79       
1040 830 -79       
1040 831 -79       
1040 832 -79       
1040 833 -79       
1040 834 -79       
1040 835 -79       
1040 836 -79       
1040 837 -79       
1040 980 -79       
1040 981 -79       
1040 982 -79       
1040 983 -79       
1040 581 -78       
1040 582 -78       
1040 583 -78       
1040 584 -78       
1040 585 -78       
1040 586 -78       
1040 587 -78       
1040 828 -78       
1040 829 -78       
1040 830 -78       
1040 831 -78       
1040 832 -78       
1040 833 -78       
1040 834 -78       
1040 835 -78       
1040 836 -78       
1040 837 -78       
1040 838 -78       
1040 839 -78       
1040 840 -78       
1040 841 -78       
1040 842 -78       
1040 979 -78       
1040 980 -78       
1040 981 -78       
1040 579 -77       
1040 580 -77       
1040 581 -77       
1040 582 -77       
1040 583 -77       
1040 584 -77       
1040 585 -77       
1040 829 -77       
1040 830 -77       
1040 831 -77       
1040 832 -77       
1040 833 -77       
1040 834 -77       
1040 835 -77       
1040 836 -77       
1040 837 -77       
1040 838 -77       
1040 839 -77       
1040 840 -77       
1040 841 -77       
1040 842 -77       
1040 843 -77       
1040 844 -77       
1040 976 -77       
1040 977 -77       
1040 978 -77       
1040 979 -77       
1040 980 -77       
1040 573 -76       
1040 574 -76       
1040 575 -76       
1040 576 -76       
1040 577 -76       
1040 578 -76       
1040 579 -76       
1040 580 -76       
1040 581 -76       
1040 582 -76       
1040 837 -76       
1040 838 -76       
1040 839 -76       
1040 840 -76       
1040 841 -76       
1040 842 -76       
1040 843 -76       
1040 844 -76       
1040 845 -76       
1040 846 -76       
1040 847 -76       
1040 848 -76       
1040 974 -76       
1040 975 -76       
1040 976 -76       
1040 977 -76       
1040 978 -76       
1040 979 -76       
1040 570 -75       
1040 571 -75       
1040 572 -75       
1040 573 -75       
1040 574 -75       
1040 575 -75       
1040 576 -75       
1040 577 -75       
1040 578 -75       
1040 841 -75       
1040 842 -75       
1040 843 -75       
1040 844 -75       
1040 845 -75       
1040 846 -75       
1040 847 -75       
1040 848 -75       
1040 849 -75       
1040 850 -75       
1040 851 -75       
1040 852 -75       
1040 853 -75       
1040 973 -75       
1040 974 -75       
1040 975 -75       
1040 976 -75       
1040 977 -75       
1040 978 -75       
1040 569 -74       
1040 570 -74       
1040 571 -74       
1040 572 -74       
1040 573 -74       
1040 574 -74       
1040 575 -74       
1040 576 -74       
1040 844 -74       
1040 845 -74       
1040 846 -74       
1040 847 -74       
1040 848 -74       
1040 849 -74       
1040 850 -74       
1040 851 -74       
1040 852 -74       
1040 853 -74       
1040 854 -74       
1040 855 -74       
1040 856 -74       
1040 857 -74       
1040 858 -74       
1040 859 -74       
1040 971 -74       
1040 972 -74       
1040 973 -74       
1040 974 -74       
1040 975 -74       
1040 976 -74       
1040 567 -73       
1040 568 -73       
1040 569 -73       
1040 570 -73       
1040 571 -73       
1040 572 -73       
1040 573 -73       
1040 849 -73       
1040 850 -73       
1040 851 -73       
1040 852 -73       
1040 853 -73       
1040 854 -73       
1040 855 -73       
1040 856 -73       
1040 857 -73       
1040 858 -73       
1040 859 -73       
1040 860 -73       
1040 861 -73       
1040 969 -73       
1040 970 -73       
1040 971 -73       
1040 972 -73       
1040 973 -73       
1040 974 -73       
1040 975 -73       
1040 564 -72       
1040 565 -72       
1040 566 -72       
1040 567 -72       
1040 568 -72       
1040 569 -72       
1040 570 -72       
1040 851 -72       
1040 852 -72       
1040 853 -72       
1040 854 -72       
1040 855 -72       
1040 856 -72       
1040 857 -72       
1040 858 -72       
1040 859 -72       
1040 860 -72       
1040 861 -72       
1040 862 -72       
1040 863 -72       
1040 864 -72       
1040 865 -72       
1040 967 -72       
1040 968 -72       
1040 969 -72       
1040 970 -72       
1040 971 -72       
1040 972 -72       
1040 973 -72       
1040 974 -72       
1040 561 -71       
1040 562 -71       
1040 563 -71       
1040 564 -71       
1040 565 -71       
1040 566 -71       
1040 567 -71       
1040 568 -71       
1040 855 -71       
1040 856 -71       
1040 857 -71       
1040 858 -71       
1040 859 -71       
1040 860 -71       
1040 861 -71       
1040 862 -71       
1040 863 -71       
1040 864 -71       
1040 865 -71       
1040 866 -71       
1040 867 -71       
1040 868 -71       
1040 869 -71       
1040 870 -71       
1040 965 -71       
1040 966 -71       
1040 967 -71       
1040 968 -71       
1040 969 -71       
1040 970 -71       
1040 971 -71       
1040 972 -71       
1040 973 -71       
1040 559 -70       
1040 560 -70       
1040 561 -70       
1040 562 -70       
1040 563 -70       
1040 564 -70       
1040 565 -70       
1040 566 -70       
1040 859 -70       
1040 860 -70       
1040 861 -70       
1040 862 -70       
1040 863 -70       
1040 864 -70       
1040 865 -70       
1040 866 -70       
1040 867 -70       
1040 868 -70       
1040 869 -70       
1040 870 -70       
1040 871 -70       
1040 872 -70       
1040 873 -70       
1040 963 -70       
1040 964 -70       
1040 965 -70       
1040 966 -70       
1040 967 -70       
1040 968 -70       
1040 969 -70       
1040 970 -70       
1040 971 -70       
1040 555 -69       
1040 556 -69       
1040 557 -69       
1040 558 -69       
1040 559 -69       
1040 560 -69       
1040 561 -69       
1040 562 -69       
1040 563 -69       
1040 863 -69       
1040 864 -69       
1040 865 -69       
1040 866 -69       
1040 867 -69       
1040 868 -69       
1040 869 -69       
1040 870 -69       
1040 871 -69       
1040 872 -69       
1040 873 -69       
1040 874 -69       
1040 875 -69       
1040 876 -69       
1040 877 -69       
1040 961 -69       
1040 962 -69       
1040 963 -69       
1040 964 -69       
1040 965 -69       
1040 966 -69       
1040 967 -69       
1040 968 -69       
1040 969 -69       
1040 553 -68       
1040 554 -68       
1040 555 -68       
1040 556 -68       
1040 557 -68       
1040 558 -68       
1040 559 -68       
1040 560 -68       
1040 866 -68       
1040 867 -68       
1040 868 -68       
1040 869 -68       
1040 870 -68       
1040 871 -68       
1040 872 -68       
1040 873 -68       
1040 874 -68       
1040 875 -68       
1040 876 -68       
1040 877 -68       
1040 878 -68       
1040 879 -68       
1040 880 -68       
1040 881 -68       
1040 958 -68       
1040 959 -68       
1040 960 -68       
1040 961 -68       
1040 962 -68       
1040 963 -68       
1040 964 -68       
1040 965 -68       
1040 966 -68       
1040 967 -68       
1040 968 -68       
1040 551 -67       
1040 552 -67       
1040 553 -67       
1040 554 -67       
1040 555 -67       
1040 556 -67       
1040 557 -67       
1040 558 -67       
1040 870 -67       
1040 871 -67       
1040 872 -67       
1040 873 -67       
1040 874 -67       
1040 875 -67       
1040 876 -67       
1040 877 -67       
1040 878 -67       
1040 879 -67       
1040 880 -67       
1040 881 -67       
1040 882 -67       
1040 883 -67       
1040 884 -67       
1040 885 -67       
1040 886 -67       
1040 887 -67       
1040 955 -67       
1040 956 -67       
1040 957 -67       
1040 958 -67       
1040 959 -67       
1040 960 -67       
1040 961 -67       
1040 962 -67       
1040 963 -67       
1040 964 -67       
1040 965 -67       
1040 966 -67       
1040 549 -66       
1040 550 -66       
1040 551 -66       
1040 552 -66       
1040 553 -66       
1040 554 -66       
1040 555 -66       
1040 556 -66       
1040 872 -66       
1040 873 -66       
1040 874 -66       
1040 875 -66       
1040 876 -66       
1040 877 -66       
1040 878 -66       
1040 879 -66       
1040 880 -66       
1040 881 -66       
1040 882 -66       
1040 883 -66       
1040 884 -66       
1040 885 -66       
1040 886 -66       
1040 887 -66       
1040 888 -66       
1040 889 -66       
1040 890 -66       
1040 891 -66       
1040 892 -66       
1040 893 -66       
1040 952 -66       
1040 953 -66       
1040 954 -66       
1040 955 -66       
1040 956 -66       
1040 957 -66       
1040 958 -66       
1040 959 -66       
1040 960 -66       
1040 961 -66       
1040 962 -66       
1040 963 -66       
1040 964 -66       
1040 965 -66       
1040 546 -65       
1040 547 -65       
1040 548 -65       
1040 549 -65       
1040 550 -65       
1040 551 -65       
1040 552 -65       
1040 553 -65       
1040 875 -65       
1040 876 -65       
1040 877 -65       
1040 878 -65       
1040 879 -65       
1040 880 -65       
1040 881 -65       
1040 882 -65       
1040 883 -65       
1040 884 -65       
1040 885 -65       
1040 886 -65       
1040 887 -65       
1040 888 -65       
1040 889 -65       
1040 890 -65       
1040 891 -65       
1040 892 -65       
1040 893 -65       
1040 894 -65       
1040 895 -65       
1040 896 -65       
1040 897 -65       
1040 898 -65       
1040 899 -65       
1040 900 -65       
1040 901 -65       
1040 902 -65       
1040 947 -65       
1040 948 -65       
1040 949 -65       
1040 950 -65       
1040 951 -65       
1040 952 -65       
1040 953 -65       
1040 954 -65       
1040 955 -65       
1040 956 -65       
1040 957 -65       
1040 958 -65       
1040 962 -65       
1040 963 -65       
1040 964 -65       
1040 544 -64       
1040 545 -64       
1040 546 -64       
1040 547 -64       
1040 548 -64       
1040 549 -64       
1040 550 -64       
1040 880 -64       
1040 881 -64       
1040 882 -64       
1040 883 -64       
1040 884 -64       
1040 885 -64       
1040 886 -64       
1040 887 -64       
1040 888 -64       
1040 889 -64       
1040 890 -64       
1040 891 -64       
1040 892 -64       
1040 893 -64       
1040 894 -64       
1040 895 -64       
1040 896 -64       
1040 897 -64       
1040 898 -64       
1040 899 -64       
1040 900 -64       
1040 901 -64       
1040 902 -64       
1040 903 -64       
1040 904 -64       
1040 905 -64       
1040 906 -64       
1040 907 -64       
1040 908 -64       
1040 909 -64       
1040 910 -64       
1040 911 -64       
1040 912 -64       
1040 939 -64       
1040 940 -64       
1040 941 -64       
1040 942 -64       
1040 943 -64       
1040 944 -64       
1040 945 -64       
1040 946 -64       
1040 947 -64       
1040 948 -64       
1040 949 -64       
1040 950 -64       
1040 951 -64       
1040 952 -64       
1040 953 -64       
1040 954 -64       
1040 955 -64       
1040 962 -64       
1040 541 -63       
1040 542 -63       
1040 543 -63       
1040 544 -63       
1040 545 -63       
1040 546 -63       
1040 547 -63       
1040 548 -63       
1040 884 -63       
1040 885 -63       
1040 886 -63       
1040 887 -63       
1040 888 -63       
1040 889 -63       
1040 890 -63       
1040 891 -63       
1040 892 -63       
1040 893 -63       
1040 894 -63       
1040 895 -63       
1040 896 -63       
1040 897 -63       
1040 898 -63       
1040 899 -63       
1040 900 -63       
1040 901 -63       
1040 902 -63       
1040 903 -63       
1040 904 -63       
1040 905 -63       
1040 906 -63       
1040 907 -63       
1040 908 -63       
1040 909 -63       
1040 910 -63       
1040 911 -63       
1040 912 -63       
1040 913 -63       
1040 914 -63       
1040 915 -63       
1040 916 -63       
1040 917 -63       
1040 918 -63       
1040 919 -63       
1040 920 -63       
1040 921 -63       
1040 922 -63       
1040 923 -63       
1040 924 -63       
1040 925 -63       
1040 926 -63       
1040 927 -63       
1040 928 -63       
1040 929 -63       
1040 930 -63       
1040 931 -63       
1040 932 -63       
1040 933 -63       
1040 934 -63       
1040 935 -63       
1040 936 -63       
1040 937 -63       
1040 938 -63       
1040 939 -63       
1040 940 -63       
1040 941 -63       
1040 942 -63       
1040 943 -63       
1040 944 -63       
1040 945 -63       
1040 946 -63       
1040 947 -63       
1040 948 -63       
1040 949 -63       
1040 950 -63       
1040 951 -63       
1040 952 -63       
1040 539 -62       
1040 540 -62       
1040 541 -62       
1040 542 -62       
1040 543 -62       
1040 544 -62       
1040 545 -62       
1040 546 -62       
1040 892 -62       
1040 893 -62       
1040 894 -62       
1040 895 -62       
1040 896 -62       
1040 897 -62       
1040 898 -62       
1040 899 -62       
1040 900 -62       
1040 901 -62       
1040 902 -62       
1040 903 -62       
1040 904 -62       
1040 905 -62       
1040 906 -62       
1040 907 -62       
1040 908 -62       
1040 909 -62       
1040 910 -62       
1040 911 -62       
1040 912 -62       
1040 913 -62       
1040 914 -62       
1040 915 -62       
1040 916 -62       
1040 917 -62       
1040 918 -62       
1040 919 -62       
1040 920 -62       
1040 921 -62       
1040 922 -62       
1040 923 -62       
1040 924 -62       
1040 925 -62       
1040 926 -62       
1040 927 -62       
1040 928 -62       
1040 929 -62       
1040 930 -62       
1040 931 -62       
1040 932 -62       
1040 933 -62       
1040 934 -62       
1040 935 -62       
1040 936 -62       
1040 937 -62       
1040 938 -62       
1040 939 -62       
1040 940 -62       
1040 941 -62       
1040 942 -62       
1040 943 -62       
1040 944 -62       
1040 945 -62       
1040 946 -62       
1040 536 -61       
1040 537 -61       
1040 538 -61       
1040 539 -61       
1040 540 -61       
1040 541 -61       
1040 542 -61       
1040 543 -61       
1040 897 -61       
1040 898 -61       
1040 899 -61       
1040 900 -61       
1040 901 -61       
1040 903 -61       
1040 904 -61       
1040 905 -61       
1040 906 -61       
1040 907 -61       
1040 908 -61       
1040 909 -61       
1040 910 -61       
1040 911 -61       
1040 912 -61       
1040 913 -61       
1040 914 -61       
1040 915 -61       
1040 916 -61       
1040 917 -61       
1040 918 -61       
1040 919 -61       
1040 920 -61       
1040 921 -61       
1040 922 -61       
1040 923 -61       
1040 924 -61       
1040 925 -61       
1040 926 -61       
1040 927 -61       
1040 928 -61       
1040 929 -61       
1040 930 -61       
1040 931 -61       
1040 932 -61       
1040 933 -61       
1040 934 -61       
1040 935 -61       
1040 936 -61       
1040 937 -61       
1040 938 -61       
1040 939 -61       
1040 940 -61       
1040 941 -61       
1040 942 -61       
1040 534 -60       
1040 535 -60       
1040 536 -60       
1040 537 -60       
1040 538 -60       
1040 539 -60       
1040 540 -60       
1040 541 -60       
1040 919 -60       
1040 920 -60       
1040 921 -60       
1040 922 -60       
1040 923 -60       
1040 924 -60       
1040 531 -59       
1040 532 -59       
1040 533 -59       
1040 534 -59       
1040 535 -59       
1040 536 -59       
1040 537 -59       
1040 538 -59       
1040 539 -59       
1040 529 -58       
1040 530 -58       
1040 531 -58       
1040 532 -58       
1040 533 -58       
1040 534 -58       
1040 535 -58       
1040 536 -58       
1040 527 -57       
1040 528 -57       
1040 529 -57       
1040 530 -57       
1040 531 -57       
1040 532 -57       
1040 533 -57       
1040 534 -57       
1040 525 -56       
1040 526 -56       
1040 527 -56       
1040 528 -56       
1040 529 -56       
1040 530 -56       
1040 531 -56       
1040 525 -55       
1040 526 -55       
1040 527 -55       
1040 528 -55       
1040 529 -55       
1040 530 -55       
1040 525 -54       
1040 526 -54       
1040 527 -54       
1040 528 -54       
1040 590 -54       
1040 525 -53       
