1040 570 41       
1040 571 41       
1040 572 41       
1040 573 41       
1040 574 41       
1040 575 41       
1040 576 41       
1040 577 41       
1040 578 41       
1040 579 41       
1040 563 42       
1040 564 42       
1040 565 42       
1040 566 42       
1040 567 42       
1040 568 42       
1040 569 42       
1040 570 42       
1040 571 42       
1040 572 42       
1040 573 42       
1040 574 42       
1040 575 42       
1040 576 42       
1040 577 42       
1040 578 42       
1040 579 42       
1040 580 42       
1040 581 42       
1040 582 42       
1040 583 42       
1040 553 43       
1040 554 43       
1040 555 43       
1040 556 43       
1040 557 43       
1040 558 43       
1040 559 43       
1040 560 43       
1040 561 43       
1040 562 43       
1040 563 43       
1040 564 43       
1040 565 43       
1040 566 43       
1040 567 43       
1040 568 43       
1040 569 43       
1040 570 43       
1040 571 43       
1040 572 43       
1040 573 43       
1040 574 43       
1040 575 43       
1040 576 43       
1040 577 43       
1040 578 43       
1040 579 43       
1040 580 43       
1040 581 43       
1040 582 43       
1040 583 43       
1040 584 43       
1040 585 43       
1040 547 44       
1040 548 44       
1040 549 44       
1040 550 44       
1040 551 44       
1040 552 44       
1040 553 44       
1040 554 44       
1040 555 44       
1040 556 44       
1040 557 44       
1040 558 44       
1040 559 44       
1040 560 44       
1040 561 44       
1040 562 44       
1040 563 44       
1040 564 44       
1040 565 44       
1040 566 44       
1040 567 44       
1040 568 44       
1040 569 44       
1040 570 44       
1040 571 44       
1040 572 44       
1040 578 44       
1040 579 44       
1040 580 44       
1040 581 44       
1040 582 44       
1040 583 44       
1040 584 44       
1040 585 44       
1040 586 44       
1040 544 45       
1040 545 45       
1040 546 45       
1040 547 45       
1040 548 45       
1040 549 45       
1040 550 45       
1040 551 45       
1040 552 45       
1040 553 45       
1040 554 45       
1040 555 45       
1040 581 45       
1040 582 45       
1040 583 45       
1040 584 45       
1040 585 45       
1040 586 45       
1040 587 45       
1040 539 46       
1040 540 46       
1040 541 46       
1040 542 46       
1040 543 46       
1040 544 46       
1040 545 46       
1040 546 46       
1040 547 46       
1040 548 46       
1040 549 46       
1040 550 46       
1040 584 46       
1040 585 46       
1040 586 46       
1040 587 46       
1040 588 46       
1040 525 47       
1040 526 47       
1040 527 47       
1040 528 47       
1040 529 47       
1040 530 47       
1040 531 47       
1040 532 47       
1040 533 47       
1040 534 47       
1040 535 47       
1040 536 47       
1040 537 47       
1040 538 47       
1040 539 47       
1040 540 47       
1040 541 47       
1040 542 47       
1040 543 47       
1040 544 47       
1040 545 47       
1040 546 47       
1040 547 47       
1040 548 47       
1040 585 47       
1040 586 47       
1040 587 47       
1040 588 47       
1040 589 47       
1040 525 48       
1040 526 48       
1040 527 48       
1040 528 48       
1040 529 48       
1040 530 48       
1040 531 48       
1040 532 48       
1040 533 48       
1040 534 48       
1040 535 48       
1040 536 48       
1040 537 48       
1040 538 48       
1040 539 48       
1040 540 48       
1040 541 48       
1040 586 48       
1040 587 48       
1040 588 48       
1040 589 48       
1040 590 48       
1040 525 49       
1040 526 49       
1040 527 49       
1040 528 49       
1040 529 49       
1040 530 49       
1040 531 49       
1040 532 49       
1040 533 49       
1040 534 49       
1040 535 49       
1040 536 49       
1040 537 49       
1040 538 49       
1040 587 49       
1040 588 49       
1040 589 49       
1040 590 49       
1040 591 49       
1040 588 50       
1040 589 50       
1040 590 50       
1040 591 50       
1040 592 50       
1040 589 51       
1040 590 51       
1040 591 51       
1040 592 51       
1040 593 51       
1040 590 52       
1040 591 52       
1040 592 52       
1040 593 52       
1040 594 52       
1040 591 53       
1040 592 53       
1040 593 53       
1040 594 53       
1040 595 53       
1040 592 54       
1040 593 54       
1040 594 54       
1040 595 54       
1040 596 54       
1040 597 54       
1040 593 55       
1040 594 55       
1040 595 55       
1040 596 55       
1040 597 55       
1040 598 55       
1040 595 56       
1040 596 56       
1040 597 56       
1040 598 56       
1040 599 56       
1040 596 57       
1040 597 57       
1040 598 57       
1040 599 57       
1040 600 57       
1040 601 57       
1040 598 58       
1040 599 58       
1040 600 58       
1040 601 58       
1040 602 58       
1040 599 59       
1040 600 59       
1040 601 59       
1040 602 59       
1040 603 59       
1040 1091 59       
1040 601 60       
1040 602 60       
1040 603 60       
1040 604 60       
1040 605 60       
1040 602 61       
1040 603 61       
1040 604 61       
1040 605 61       
1040 606 61       
1040 603 62       
1040 604 62       
1040 605 62       
1040 606 62       
1040 607 62       
1040 605 63       
1040 606 63       
1040 607 63       
1040 608 63       
1040 609 63       
1040 610 63       
1040 606 64       
1040 607 64       
1040 608 64       
1040 609 64       
1040 610 64       
1040 611 64       
1040 608 65       
1040 609 65       
1040 610 65       
1040 611 65       
1040 612 65       
1040 613 65       
1040 611 66       
1040 612 66       
1040 613 66       
1040 614 66       
1040 615 66       
1040 612 67       
1040 613 67       
1040 614 67       
1040 615 67       
1040 616 67       
1040 617 67       
1040 615 68       
1040 616 68       
1040 617 68       
1040 618 68       
1040 619 68       
1040 616 69       
1040 617 69       
1040 618 69       
1040 619 69       
1040 620 69       
1040 621 69       
1040 617 70       
1040 618 70       
1040 619 70       
1040 620 70       
1040 621 70       
1040 622 70       
1040 623 70       
1040 619 71       
1040 620 71       
1040 621 71       
1040 622 71       
1040 623 71       
1040 624 71       
1040 625 71       
1040 621 72       
1040 622 72       
1040 623 72       
1040 624 72       
1040 625 72       
1040 626 72       
1040 627 72       
1040 628 72       
1040 623 73       
1040 624 73       
1040 625 73       
1040 626 73       
1040 627 73       
1040 628 73       
1040 629 73       
1040 630 73       
1040 625 74       
1040 626 74       
1040 627 74       
1040 628 74       
1040 629 74       
1040 630 74       
1040 631 74       
1040 632 74       
1040 628 75       
1040 629 75       
1040 630 75       
1040 631 75       
1040 632 75       
1040 633 75       
1040 632 76       
1040 633 76       
1040 634 76       
1040 635 76       
1040 636 76       
1040 634 77       
1040 635 77       
1040 636 77       
1040 637 77       
1040 638 77       
1040 639 77       
1040 640 77       
1040 636 78       
1040 637 78       
1040 638 78       
1040 639 78       
1040 640 78       
1040 641 78       
1040 639 79       
1040 640 79       
1040 641 79       
1040 642 79       
1040 643 79       
1040 644 79       
1040 645 79       
1040 641 80       
1040 642 80       
1040 643 80       
1040 644 80       
1040 645 80       
1040 646 80       
1040 647 80       
1040 648 80       
1040 643 81       
1040 644 81       
1040 645 81       
1040 646 81       
1040 647 81       
1040 648 81       
1040 649 81       
1040 650 81       
1040 651 81       
1040 646 82       
1040 647 82       
1040 648 82       
1040 649 82       
1040 650 82       
1040 651 82       
1040 652 82       
1040 653 82       
1040 654 82       
1040 655 82       
1040 650 83       
1040 651 83       
1040 652 83       
1040 653 83       
1040 654 83       
1040 655 83       
1040 656 83       
1040 657 83       
1040 658 83       
1040 653 84       
1040 654 84       
1040 655 84       
1040 656 84       
1040 657 84       
1040 658 84       
1040 659 84       
1040 660 84       
1040 661 84       
1040 662 84       
1040 658 85       
1040 659 85       
1040 660 85       
1040 661 85       
1040 662 85       
1040 663 85       
1040 664 85       
1040 665 85       
1040 666 85       
1040 667 85       
1040 668 85       
1040 660 86       
1040 661 86       
1040 662 86       
1040 663 86       
1040 664 86       
1040 665 86       
1040 666 86       
1040 667 86       
1040 668 86       
1040 669 86       
1040 670 86       
1040 671 86       
1040 672 86       
1040 675 86       
1040 676 86       
1040 677 86       
1040 678 86       
1040 679 86       
1040 680 86       
1040 663 87       
1040 664 87       
1040 665 87       
1040 666 87       
1040 667 87       
1040 668 87       
1040 669 87       
1040 670 87       
1040 671 87       
1040 672 87       
1040 673 87       
1040 674 87       
1040 675 87       
1040 676 87       
1040 677 87       
1040 678 87       
1040 679 87       
1040 680 87       
1040 681 87       
1040 673 88       
1040 674 88       
1040 675 88       
1040 676 88       
1040 677 88       
1040 678 88       
1040 679 88       
1040 680 88       
1040 681 88       
1040 682 88       
1040 679 89       
1040 680 89       
1040 681 89       
1040 682 89       
1040 683 89       
1040 684 89       
1040 681 90       
1040 682 90       
1040 683 90       
1040 684 90       
1040 685 90       
1040 683 91       
1040 684 91       
1040 685 91       
1040 686 91       
1040 687 91       
1040 684 92       
1040 685 92       
1040 686 92       
1040 687 92       
1040 688 92       
1040 686 93       
1040 687 93       
1040 688 93       
1040 689 93       
1040 690 93       
1040 691 93       
1040 688 94       
1040 689 94       
1040 690 94       
1040 691 94       
1040 692 94       
1040 690 95       
1040 691 95       
1040 692 95       
1040 693 95       
1040 694 95       
1040 692 96       
1040 693 96       
1040 694 96       
1040 695 96       
1040 696 96       
1040 694 97       
1040 695 97       
1040 696 97       
1040 697 97       
1040 698 97       
1040 696 98       
1040 697 98       
1040 698 98       
1040 699 98       
1040 700 98       
1040 701 98       
1040 696 99       
1040 697 99       
1040 698 99       
1040 699 99       
1040 700 99       
1040 701 99       
1040 702 99       
1040 703 99       
1040 698 100       
1040 699 100       
1040 700 100       
1040 701 100       
1040 702 100       
1040 703 100       
1040 704 100       
1040 705 100       
1040 706 100       
1040 701 101       
1040 702 101       
1040 703 101       
1040 704 101       
1040 705 101       
1040 706 101       
1040 707 101       
1040 708 101       
1040 704 102       
1040 705 102       
1040 706 102       
1040 707 102       
1040 708 102       
1040 709 102       
1040 710 102       
1040 711 102       
1040 712 102       
1040 713 102       
1040 769 102       
1040 770 102       
1040 771 102       
1040 772 102       
1040 773 102       
1040 774 102       
1040 775 102       
1040 776 102       
1040 777 102       
1040 778 102       
1040 779 102       
1040 780 102       
1040 781 102       
1040 782 102       
1040 707 103       
1040 708 103       
1040 709 103       
1040 710 103       
1040 711 103       
1040 712 103       
1040 713 103       
1040 714 103       
1040 715 103       
1040 716 103       
1040 765 103       
1040 766 103       
1040 767 103       
1040 768 103       
1040 769 103       
1040 770 103       
1040 771 103       
1040 772 103       
1040 773 103       
1040 774 103       
1040 775 103       
1040 776 103       
1040 777 103       
1040 778 103       
1040 779 103       
1040 780 103       
1040 781 103       
1040 782 103       
1040 783 103       
1040 784 103       
1040 785 103       
1040 786 103       
1040 787 103       
1040 788 103       
1040 789 103       
1040 790 103       
1040 711 104       
1040 712 104       
1040 713 104       
1040 714 104       
1040 715 104       
1040 716 104       
1040 717 104       
1040 718 104       
1040 719 104       
1040 720 104       
1040 763 104       
1040 764 104       
1040 765 104       
1040 766 104       
1040 767 104       
1040 768 104       
1040 769 104       
1040 770 104       
1040 771 104       
1040 774 104       
1040 779 104       
1040 780 104       
1040 781 104       
1040 782 104       
1040 783 104       
1040 784 104       
1040 785 104       
1040 786 104       
1040 787 104       
1040 788 104       
1040 789 104       
1040 790 104       
1040 791 104       
1040 792 104       
1040 793 104       
1040 794 104       
1040 795 104       
1040 796 104       
1040 717 105       
1040 718 105       
1040 719 105       
1040 720 105       
1040 721 105       
1040 722 105       
1040 723 105       
1040 760 105       
1040 761 105       
1040 762 105       
1040 763 105       
1040 764 105       
1040 765 105       
1040 766 105       
1040 767 105       
1040 783 105       
1040 784 105       
1040 785 105       
1040 786 105       
1040 787 105       
1040 788 105       
1040 789 105       
1040 790 105       
1040 791 105       
1040 792 105       
1040 793 105       
1040 794 105       
1040 795 105       
1040 796 105       
1040 797 105       
1040 798 105       
1040 799 105       
1040 800 105       
1040 801 105       
1040 725 106       
1040 726 106       
1040 727 106       
1040 728 106       
1040 729 106       
1040 730 106       
1040 731 106       
1040 732 106       
1040 733 106       
1040 734 106       
1040 735 106       
1040 736 106       
1040 744 106       
1040 753 106       
1040 754 106       
1040 755 106       
1040 756 106       
1040 757 106       
1040 758 106       
1040 759 106       
1040 760 106       
1040 761 106       
1040 762 106       
1040 763 106       
1040 764 106       
1040 790 106       
1040 791 106       
1040 792 106       
1040 793 106       
1040 794 106       
1040 795 106       
1040 796 106       
1040 797 106       
1040 798 106       
1040 799 106       
1040 800 106       
1040 801 106       
1040 802 106       
1040 803 106       
1040 804 106       
1040 805 106       
1040 730 107       
1040 731 107       
1040 732 107       
1040 733 107       
1040 734 107       
1040 735 107       
1040 736 107       
1040 737 107       
1040 738 107       
1040 739 107       
1040 740 107       
1040 741 107       
1040 742 107       
1040 743 107       
1040 744 107       
1040 745 107       
1040 746 107       
1040 747 107       
1040 748 107       
1040 749 107       
1040 750 107       
1040 751 107       
1040 752 107       
1040 753 107       
1040 754 107       
1040 755 107       
1040 756 107       
1040 757 107       
1040 758 107       
1040 759 107       
1040 794 107       
1040 795 107       
1040 796 107       
1040 797 107       
1040 798 107       
1040 799 107       
1040 800 107       
1040 801 107       
1040 802 107       
1040 803 107       
1040 804 107       
1040 805 107       
1040 806 107       
1040 807 107       
1040 808 107       
1040 809 107       
1040 1164 107       
1040 736 108       
1040 737 108       
1040 738 108       
1040 739 108       
1040 740 108       
1040 741 108       
1040 742 108       
1040 743 108       
1040 744 108       
1040 745 108       
1040 746 108       
1040 747 108       
1040 748 108       
1040 749 108       
1040 750 108       
1040 751 108       
1040 752 108       
1040 753 108       
1040 754 108       
1040 755 108       
1040 756 108       
1040 798 108       
1040 799 108       
1040 800 108       
1040 801 108       
1040 802 108       
1040 803 108       
1040 804 108       
1040 805 108       
1040 806 108       
1040 807 108       
1040 808 108       
1040 809 108       
1040 810 108       
1040 811 108       
1040 812 108       
1040 813 108       
1040 814 108       
1040 1164 108       
1040 1165 108       
1040 1166 108       
1040 1167 108       
1040 747 109       
1040 748 109       
1040 749 109       
1040 750 109       
1040 804 109       
1040 805 109       
1040 806 109       
1040 807 109       
1040 808 109       
1040 809 109       
1040 810 109       
1040 811 109       
1040 812 109       
1040 813 109       
1040 814 109       
1040 815 109       
1040 816 109       
1040 817 109       
1040 818 109       
1040 819 109       
1040 1164 109       
1040 1165 109       
1040 1166 109       
1040 1167 109       
1040 1168 109       
1040 1169 109       
1040 1170 109       
1040 1171 109       
1040 809 110       
1040 810 110       
1040 811 110       
1040 812 110       
1040 813 110       
1040 814 110       
1040 815 110       
1040 816 110       
1040 817 110       
1040 818 110       
1040 819 110       
1040 820 110       
1040 821 110       
1040 822 110       
1040 823 110       
1040 1160 110       
1040 1161 110       
1040 1162 110       
1040 1163 110       
1040 1164 110       
1040 1165 110       
1040 1166 110       
1040 1167 110       
1040 1168 110       
1040 1169 110       
1040 1170 110       
1040 1171 110       
1040 1172 110       
1040 1173 110       
1040 1174 110       
1040 1175 110       
1040 1176 110       
1040 1177 110       
1040 1178 110       
1040 812 111       
1040 813 111       
1040 814 111       
1040 815 111       
1040 816 111       
1040 817 111       
1040 818 111       
1040 819 111       
1040 820 111       
1040 821 111       
1040 822 111       
1040 823 111       
1040 824 111       
1040 825 111       
1040 826 111       
1040 827 111       
1040 828 111       
1040 829 111       
1040 1160 111       
1040 1161 111       
1040 1162 111       
1040 1163 111       
1040 1164 111       
1040 1165 111       
1040 1166 111       
1040 1167 111       
1040 1168 111       
1040 1169 111       
1040 1170 111       
1040 1171 111       
1040 1172 111       
1040 1173 111       
1040 1174 111       
1040 1175 111       
1040 1176 111       
1040 1177 111       
1040 1178 111       
1040 1179 111       
1040 1180 111       
1040 1181 111       
1040 1182 111       
1040 1183 111       
1040 1184 111       
1040 1185 111       
1040 1186 111       
1040 818 112       
1040 819 112       
1040 820 112       
1040 821 112       
1040 822 112       
1040 823 112       
1040 824 112       
1040 825 112       
1040 826 112       
1040 827 112       
1040 828 112       
1040 829 112       
1040 830 112       
1040 831 112       
1040 832 112       
1040 833 112       
1040 834 112       
1040 835 112       
1040 1159 112       
1040 1160 112       
1040 1161 112       
1040 1162 112       
1040 1163 112       
1040 1164 112       
1040 1168 112       
1040 1169 112       
1040 1170 112       
1040 1171 112       
1040 1172 112       
1040 1173 112       
1040 1174 112       
1040 1175 112       
1040 1176 112       
1040 1177 112       
1040 1178 112       
1040 1179 112       
1040 1180 112       
1040 1181 112       
1040 1182 112       
1040 1183 112       
1040 1184 112       
1040 1185 112       
1040 1186 112       
1040 1187 112       
1040 1188 112       
1040 1189 112       
1040 1190 112       
1040 1191 112       
1040 1192 112       
1040 1193 112       
1040 1194 112       
1040 1195 112       
1040 821 113       
1040 822 113       
1040 823 113       
1040 824 113       
1040 825 113       
1040 826 113       
1040 827 113       
1040 828 113       
1040 829 113       
1040 830 113       
1040 831 113       
1040 832 113       
1040 833 113       
1040 834 113       
1040 835 113       
1040 836 113       
1040 837 113       
1040 838 113       
1040 839 113       
1040 840 113       
1040 1158 113       
1040 1159 113       
1040 1160 113       
1040 1161 113       
1040 1162 113       
1040 1163 113       
1040 1170 113       
1040 1171 113       
1040 1172 113       
1040 1173 113       
1040 1174 113       
1040 1175 113       
1040 1176 113       
1040 1177 113       
1040 1178 113       
1040 1179 113       
1040 1180 113       
1040 1181 113       
1040 1182 113       
1040 1183 113       
1040 1184 113       
1040 1185 113       
1040 1186 113       
1040 1187 113       
1040 1188 113       
1040 1189 113       
1040 1190 113       
1040 1191 113       
1040 1192 113       
1040 1193 113       
1040 1194 113       
1040 1195 113       
1040 1196 113       
1040 1197 113       
1040 1198 113       
1040 1199 113       
1040 1200 113       
1040 1201 113       
1040 1202 113       
1040 1203 113       
1040 1206 113       
1040 1207 113       
1040 1208 113       
1040 825 114       
1040 826 114       
1040 827 114       
1040 828 114       
1040 829 114       
1040 830 114       
1040 831 114       
1040 832 114       
1040 833 114       
1040 834 114       
1040 835 114       
1040 836 114       
1040 837 114       
1040 838 114       
1040 839 114       
1040 840 114       
1040 841 114       
1040 842 114       
1040 843 114       
1040 844 114       
1040 845 114       
1040 1157 114       
1040 1158 114       
1040 1159 114       
1040 1160 114       
1040 1161 114       
1040 1162 114       
1040 1163 114       
1040 1174 114       
1040 1175 114       
1040 1176 114       
1040 1177 114       
1040 1178 114       
1040 1179 114       
1040 1180 114       
1040 1181 114       
1040 1182 114       
1040 1183 114       
1040 1184 114       
1040 1185 114       
1040 1186 114       
1040 1187 114       
1040 1188 114       
1040 1189 114       
1040 1190 114       
1040 1191 114       
1040 1192 114       
1040 1193 114       
1040 1194 114       
1040 1195 114       
1040 1196 114       
1040 1197 114       
1040 1198 114       
1040 1199 114       
1040 1200 114       
1040 1201 114       
1040 1202 114       
1040 1203 114       
1040 1204 114       
1040 1205 114       
1040 1206 114       
1040 1207 114       
1040 1208 114       
1040 1209 114       
1040 1210 114       
1040 1211 114       
1040 1212 114       
1040 1213 114       
1040 1214 114       
1040 1215 114       
1040 1216 114       
1040 1217 114       
1040 1218 114       
1040 1219 114       
1040 1220 114       
1040 1221 114       
1040 1222 114       
1040 829 115       
1040 830 115       
1040 831 115       
1040 832 115       
1040 833 115       
1040 834 115       
1040 835 115       
1040 836 115       
1040 837 115       
1040 838 115       
1040 839 115       
1040 840 115       
1040 841 115       
1040 842 115       
1040 843 115       
1040 844 115       
1040 845 115       
1040 846 115       
1040 847 115       
1040 848 115       
1040 849 115       
1040 850 115       
1040 851 115       
1040 1152 115       
1040 1153 115       
1040 1154 115       
1040 1155 115       
1040 1156 115       
1040 1157 115       
1040 1158 115       
1040 1159 115       
1040 1160 115       
1040 1161 115       
1040 1162 115       
1040 1181 115       
1040 1182 115       
1040 1183 115       
1040 1184 115       
1040 1185 115       
1040 1186 115       
1040 1187 115       
1040 1188 115       
1040 1189 115       
1040 1190 115       
1040 1191 115       
1040 1192 115       
1040 1193 115       
1040 1194 115       
1040 1195 115       
1040 1196 115       
1040 1197 115       
1040 1198 115       
1040 1199 115       
1040 1200 115       
1040 1201 115       
1040 1202 115       
1040 1203 115       
1040 1204 115       
1040 1205 115       
1040 1206 115       
1040 1207 115       
1040 1208 115       
1040 1209 115       
1040 1210 115       
1040 1211 115       
1040 1212 115       
1040 1213 115       
1040 1214 115       
1040 1215 115       
1040 1216 115       
1040 1217 115       
1040 1218 115       
1040 1219 115       
1040 1220 115       
1040 1221 115       
1040 1222 115       
1040 837 116       
1040 838 116       
1040 839 116       
1040 840 116       
1040 841 116       
1040 842 116       
1040 843 116       
1040 844 116       
1040 845 116       
1040 846 116       
1040 847 116       
1040 848 116       
1040 849 116       
1040 850 116       
1040 851 116       
1040 852 116       
1040 853 116       
1040 854 116       
1040 855 116       
1040 856 116       
1040 857 116       
1040 858 116       
1040 859 116       
1040 860 116       
1040 1150 116       
1040 1151 116       
1040 1152 116       
1040 1153 116       
1040 1154 116       
1040 1155 116       
1040 1156 116       
1040 1157 116       
1040 1158 116       
1040 1159 116       
1040 1160 116       
1040 1192 116       
1040 1199 116       
1040 1200 116       
1040 1201 116       
1040 1202 116       
1040 1203 116       
1040 1205 116       
1040 1206 116       
1040 1207 116       
1040 1208 116       
1040 1209 116       
1040 1210 116       
1040 1211 116       
1040 1212 116       
1040 1213 116       
1040 1214 116       
1040 1215 116       
1040 1216 116       
1040 1217 116       
1040 1218 116       
1040 1219 116       
1040 1220 116       
1040 1221 116       
1040 1222 116       
1040 840 117       
1040 841 117       
1040 842 117       
1040 843 117       
1040 844 117       
1040 845 117       
1040 846 117       
1040 847 117       
1040 848 117       
1040 849 117       
1040 850 117       
1040 851 117       
1040 852 117       
1040 853 117       
1040 854 117       
1040 855 117       
1040 856 117       
1040 857 117       
1040 858 117       
1040 859 117       
1040 860 117       
1040 861 117       
1040 862 117       
1040 863 117       
1040 864 117       
1040 865 117       
1040 866 117       
1040 867 117       
1040 868 117       
1040 869 117       
1040 870 117       
1040 1149 117       
1040 1150 117       
1040 1151 117       
1040 1152 117       
1040 1153 117       
1040 1154 117       
1040 1155 117       
1040 1156 117       
1040 1157 117       
1040 1213 117       
1040 1214 117       
1040 1215 117       
1040 1216 117       
1040 1217 117       
1040 844 118       
1040 845 118       
1040 846 118       
1040 847 118       
1040 848 118       
1040 849 118       
1040 850 118       
1040 851 118       
1040 852 118       
1040 853 118       
1040 854 118       
1040 855 118       
1040 856 118       
1040 857 118       
1040 858 118       
1040 859 118       
1040 860 118       
1040 861 118       
1040 862 118       
1040 863 118       
1040 864 118       
1040 865 118       
1040 866 118       
1040 867 118       
1040 868 118       
1040 869 118       
1040 870 118       
1040 871 118       
1040 872 118       
1040 873 118       
1040 874 118       
1040 875 118       
1040 876 118       
1040 877 118       
1040 878 118       
1040 879 118       
1040 880 118       
1040 1144 118       
1040 1145 118       
1040 1146 118       
1040 1147 118       
1040 1148 118       
1040 1149 118       
1040 1150 118       
1040 1151 118       
1040 1152 118       
1040 1153 118       
1040 1154 118       
1040 854 119       
1040 859 119       
1040 860 119       
1040 861 119       
1040 862 119       
1040 863 119       
1040 864 119       
1040 865 119       
1040 866 119       
1040 867 119       
1040 868 119       
1040 869 119       
1040 870 119       
1040 871 119       
1040 872 119       
1040 873 119       
1040 874 119       
1040 875 119       
1040 876 119       
1040 877 119       
1040 878 119       
1040 879 119       
1040 880 119       
1040 881 119       
1040 882 119       
1040 883 119       
1040 884 119       
1040 885 119       
1040 886 119       
1040 887 119       
1040 888 119       
1040 889 119       
1040 1143 119       
1040 1144 119       
1040 1145 119       
1040 1146 119       
1040 1147 119       
1040 1148 119       
1040 1149 119       
1040 1150 119       
1040 867 120       
1040 868 120       
1040 871 120       
1040 872 120       
1040 873 120       
1040 874 120       
1040 875 120       
1040 876 120       
1040 877 120       
1040 878 120       
1040 879 120       
1040 880 120       
1040 881 120       
1040 882 120       
1040 883 120       
1040 884 120       
1040 885 120       
1040 886 120       
1040 887 120       
1040 888 120       
1040 889 120       
1040 890 120       
1040 891 120       
1040 892 120       
1040 893 120       
1040 894 120       
1040 895 120       
1040 896 120       
1040 897 120       
1040 898 120       
1040 899 120       
1040 900 120       
1040 901 120       
1040 902 120       
1040 903 120       
1040 904 120       
1040 1141 120       
1040 1142 120       
1040 1143 120       
1040 1144 120       
1040 1145 120       
1040 1146 120       
1040 1147 120       
1040 1148 120       
1040 1149 120       
1040 877 121       
1040 878 121       
1040 879 121       
1040 880 121       
1040 881 121       
1040 882 121       
1040 883 121       
1040 884 121       
1040 885 121       
1040 886 121       
1040 887 121       
1040 888 121       
1040 889 121       
1040 890 121       
1040 891 121       
1040 892 121       
1040 893 121       
1040 894 121       
1040 895 121       
1040 896 121       
1040 897 121       
1040 898 121       
1040 899 121       
1040 900 121       
1040 901 121       
1040 902 121       
1040 903 121       
1040 904 121       
1040 905 121       
1040 906 121       
1040 907 121       
1040 908 121       
1040 1138 121       
1040 1139 121       
1040 1140 121       
1040 1141 121       
1040 1142 121       
1040 1143 121       
1040 1144 121       
1040 1145 121       
1040 1146 121       
1040 881 122       
1040 882 122       
1040 883 122       
1040 884 122       
1040 885 122       
1040 886 122       
1040 887 122       
1040 888 122       
1040 889 122       
1040 890 122       
1040 891 122       
1040 892 122       
1040 893 122       
1040 894 122       
1040 895 122       
1040 896 122       
1040 897 122       
1040 898 122       
1040 899 122       
1040 900 122       
1040 901 122       
1040 902 122       
1040 903 122       
1040 904 122       
1040 905 122       
1040 906 122       
1040 907 122       
1040 908 122       
1040 909 122       
1040 910 122       
1040 911 122       
1040 912 122       
1040 1134 122       
1040 1135 122       
1040 1136 122       
1040 1137 122       
1040 1138 122       
1040 1139 122       
1040 1140 122       
1040 1141 122       
1040 1142 122       
1040 1143 122       
1040 893 123       
1040 894 123       
1040 895 123       
1040 896 123       
1040 897 123       
1040 898 123       
1040 899 123       
1040 900 123       
1040 901 123       
1040 902 123       
1040 903 123       
1040 904 123       
1040 905 123       
1040 906 123       
1040 907 123       
1040 908 123       
1040 909 123       
1040 910 123       
1040 911 123       
1040 912 123       
1040 913 123       
1040 914 123       
1040 915 123       
1040 916 123       
1040 917 123       
1040 918 123       
1040 919 123       
1040 920 123       
1040 1128 123       
1040 1129 123       
1040 1130 123       
1040 1131 123       
1040 1132 123       
1040 1133 123       
1040 1134 123       
1040 1135 123       
1040 1136 123       
1040 1137 123       
1040 1138 123       
1040 1139 123       
1040 1140 123       
1040 1141 123       
1040 901 124       
1040 902 124       
1040 903 124       
1040 904 124       
1040 905 124       
1040 906 124       
1040 907 124       
1040 908 124       
1040 909 124       
1040 910 124       
1040 911 124       
1040 912 124       
1040 913 124       
1040 914 124       
1040 915 124       
1040 916 124       
1040 917 124       
1040 918 124       
1040 919 124       
1040 920 124       
1040 921 124       
1040 1121 124       
1040 1122 124       
1040 1123 124       
1040 1124 124       
1040 1125 124       
1040 1126 124       
1040 1127 124       
1040 1128 124       
1040 1129 124       
1040 1130 124       
1040 1131 124       
1040 1132 124       
1040 1133 124       
1040 1134 124       
1040 1135 124       
1040 1136 124       
1040 1137 124       
1040 911 125       
1040 912 125       
1040 913 125       
1040 914 125       
1040 915 125       
1040 916 125       
1040 917 125       
1040 918 125       
1040 919 125       
1040 920 125       
1040 921 125       
1040 922 125       
1040 923 125       
1040 924 125       
1040 1114 125       
1040 1115 125       
1040 1116 125       
1040 1117 125       
1040 1118 125       
1040 1119 125       
1040 1120 125       
1040 1121 125       
1040 1122 125       
1040 1123 125       
1040 1124 125       
1040 1125 125       
1040 1126 125       
1040 1127 125       
1040 1128 125       
1040 1129 125       
1040 1130 125       
1040 1131 125       
1040 1132 125       
1040 1133 125       
1040 1134 125       
1040 914 126       
1040 915 126       
1040 916 126       
1040 917 126       
1040 918 126       
1040 919 126       
1040 920 126       
1040 921 126       
1040 922 126       
1040 923 126       
1040 924 126       
1040 925 126       
1040 926 126       
1040 1111 126       
1040 1112 126       
1040 1113 126       
1040 1114 126       
1040 1115 126       
1040 1116 126       
1040 1117 126       
1040 1118 126       
1040 1119 126       
1040 1120 126       
1040 1121 126       
1040 1122 126       
1040 1123 126       
1040 1124 126       
1040 1125 126       
1040 1126 126       
1040 1127 126       
1040 1128 126       
1040 1129 126       
1040 1130 126       
1040 1131 126       
1040 1132 126       
1040 917 127       
1040 918 127       
1040 919 127       
1040 920 127       
1040 921 127       
1040 922 127       
1040 923 127       
1040 924 127       
1040 925 127       
1040 926 127       
1040 927 127       
1040 928 127       
1040 1108 127       
1040 1109 127       
1040 1110 127       
1040 1111 127       
1040 1112 127       
1040 1113 127       
1040 1114 127       
1040 1115 127       
1040 1116 127       
1040 1117 127       
1040 1118 127       
1040 1119 127       
1040 1120 127       
1040 1121 127       
1040 920 128       
1040 921 128       
1040 922 128       
1040 923 128       
1040 924 128       
1040 925 128       
1040 926 128       
1040 927 128       
1040 928 128       
1040 929 128       
1040 930 128       
1040 1106 128       
1040 1107 128       
1040 1108 128       
1040 1109 128       
1040 1110 128       
1040 1111 128       
1040 1112 128       
1040 1113 128       
1040 1114 128       
1040 1115 128       
1040 1116 128       
1040 1117 128       
1040 922 129       
1040 923 129       
1040 924 129       
1040 925 129       
1040 926 129       
1040 927 129       
1040 928 129       
1040 929 129       
1040 930 129       
1040 931 129       
1040 932 129       
1040 933 129       
1040 1104 129       
1040 1105 129       
1040 1106 129       
1040 1107 129       
1040 1108 129       
1040 1109 129       
1040 1110 129       
1040 1111 129       
1040 926 130       
1040 927 130       
1040 928 130       
1040 929 130       
1040 930 130       
1040 931 130       
1040 932 130       
1040 933 130       
1040 934 130       
1040 935 130       
1040 936 130       
1040 1103 130       
1040 1104 130       
1040 1105 130       
1040 1106 130       
1040 1107 130       
1040 1108 130       
1040 1109 130       
1040 930 131       
1040 931 131       
1040 932 131       
1040 933 131       
1040 934 131       
1040 935 131       
1040 936 131       
1040 937 131       
1040 938 131       
1040 1101 131       
1040 1102 131       
1040 1103 131       
1040 1104 131       
1040 1105 131       
1040 1106 131       
1040 1107 131       
1040 931 132       
1040 932 132       
1040 933 132       
1040 934 132       
1040 935 132       
1040 936 132       
1040 937 132       
1040 938 132       
1040 939 132       
1040 940 132       
1040 1099 132       
1040 1100 132       
1040 1101 132       
1040 1102 132       
1040 1103 132       
1040 1104 132       
1040 1105 132       
1040 933 133       
1040 934 133       
1040 935 133       
1040 936 133       
1040 937 133       
1040 938 133       
1040 939 133       
1040 940 133       
1040 941 133       
1040 942 133       
1040 943 133       
1040 944 133       
1040 945 133       
1040 1098 133       
1040 1099 133       
1040 1100 133       
1040 1101 133       
1040 1102 133       
1040 1103 133       
1040 1104 133       
1040 938 134       
1040 939 134       
1040 940 134       
1040 941 134       
1040 942 134       
1040 943 134       
1040 944 134       
1040 945 134       
1040 946 134       
1040 947 134       
1040 948 134       
1040 949 134       
1040 1096 134       
1040 1097 134       
1040 1098 134       
1040 1099 134       
1040 1100 134       
1040 1101 134       
1040 1102 134       
1040 940 135       
1040 941 135       
1040 942 135       
1040 943 135       
1040 944 135       
1040 945 135       
1040 946 135       
1040 947 135       
1040 948 135       
1040 949 135       
1040 950 135       
1040 951 135       
1040 952 135       
1040 953 135       
1040 1094 135       
1040 1095 135       
1040 1096 135       
1040 1097 135       
1040 1098 135       
1040 1099 135       
1040 1100 135       
1040 942 136       
1040 943 136       
1040 944 136       
1040 945 136       
1040 946 136       
1040 947 136       
1040 948 136       
1040 949 136       
1040 950 136       
1040 951 136       
1040 952 136       
1040 953 136       
1040 954 136       
1040 955 136       
1040 956 136       
1040 957 136       
1040 958 136       
1040 1093 136       
1040 1094 136       
1040 1095 136       
1040 1096 136       
1040 1097 136       
1040 1098 136       
1040 1099 136       
1040 943 137       
1040 944 137       
1040 945 137       
1040 947 137       
1040 948 137       
1040 949 137       
1040 950 137       
1040 951 137       
1040 952 137       
1040 953 137       
1040 954 137       
1040 955 137       
1040 956 137       
1040 957 137       
1040 958 137       
1040 959 137       
1040 960 137       
1040 1092 137       
1040 1093 137       
1040 1094 137       
1040 1095 137       
1040 1096 137       
1040 1097 137       
1040 1098 137       
1040 949 138       
1040 950 138       
1040 951 138       
1040 952 138       
1040 953 138       
1040 954 138       
1040 955 138       
1040 956 138       
1040 957 138       
1040 958 138       
1040 959 138       
1040 960 138       
1040 961 138       
1040 962 138       
1040 1091 138       
1040 1092 138       
1040 1093 138       
1040 1094 138       
1040 1095 138       
1040 1096 138       
1040 957 139       
1040 958 139       
1040 959 139       
1040 960 139       
1040 961 139       
1040 962 139       
1040 963 139       
1040 1089 139       
1040 1090 139       
1040 1091 139       
1040 1092 139       
1040 1093 139       
1040 1094 139       
1040 959 140       
1040 960 140       
1040 961 140       
1040 962 140       
1040 963 140       
1040 964 140       
1040 965 140       
1040 966 140       
1040 1086 140       
1040 1087 140       
1040 1088 140       
1040 1089 140       
1040 1090 140       
1040 1091 140       
1040 1092 140       
1040 1093 140       
1040 1094 140       
1040 961 141       
1040 962 141       
1040 963 141       
1040 964 141       
1040 965 141       
1040 966 141       
1040 967 141       
1040 968 141       
1040 1084 141       
1040 1085 141       
1040 1086 141       
1040 1087 141       
1040 1088 141       
1040 1089 141       
1040 1090 141       
1040 1091 141       
1040 1092 141       
1040 962 142       
1040 963 142       
1040 964 142       
1040 965 142       
1040 966 142       
1040 967 142       
1040 968 142       
1040 969 142       
1040 970 142       
1040 1082 142       
1040 1083 142       
1040 1084 142       
1040 1085 142       
1040 1086 142       
1040 1087 142       
1040 1088 142       
1040 1089 142       
1040 1090 142       
1040 964 143       
1040 965 143       
1040 966 143       
1040 967 143       
1040 968 143       
1040 969 143       
1040 970 143       
1040 971 143       
1040 972 143       
1040 973 143       
1040 1080 143       
1040 1081 143       
1040 1082 143       
1040 1083 143       
1040 1084 143       
1040 1085 143       
1040 1086 143       
1040 1087 143       
1040 1088 143       
1040 965 144       
1040 966 144       
1040 967 144       
1040 968 144       
1040 969 144       
1040 970 144       
1040 971 144       
1040 972 144       
1040 973 144       
1040 974 144       
1040 975 144       
1040 1078 144       
1040 1079 144       
1040 1080 144       
1040 1081 144       
1040 1082 144       
1040 1083 144       
1040 1084 144       
1040 1085 144       
1040 1086 144       
1040 968 145       
1040 969 145       
1040 970 145       
1040 971 145       
1040 972 145       
1040 973 145       
1040 974 145       
1040 975 145       
1040 976 145       
1040 977 145       
1040 1076 145       
1040 1077 145       
1040 1078 145       
1040 1079 145       
1040 1080 145       
1040 1081 145       
1040 1082 145       
1040 1083 145       
1040 1084 145       
1040 970 146       
1040 971 146       
1040 972 146       
1040 973 146       
1040 974 146       
1040 975 146       
1040 976 146       
1040 977 146       
1040 978 146       
1040 1074 146       
1040 1075 146       
1040 1076 146       
1040 1077 146       
1040 1078 146       
1040 1079 146       
1040 1080 146       
1040 1081 146       
1040 1082 146       
1040 973 147       
1040 974 147       
1040 975 147       
1040 976 147       
1040 977 147       
1040 978 147       
1040 979 147       
1040 980 147       
1040 1071 147       
1040 1072 147       
1040 1073 147       
1040 1074 147       
1040 1075 147       
1040 1076 147       
1040 1077 147       
1040 1078 147       
1040 1079 147       
1040 1080 147       
1040 1081 147       
1040 976 148       
1040 977 148       
1040 978 148       
1040 979 148       
1040 980 148       
1040 981 148       
1040 982 148       
1040 983 148       
1040 1069 148       
1040 1070 148       
1040 1071 148       
1040 1072 148       
1040 1073 148       
1040 1074 148       
1040 1075 148       
1040 1076 148       
1040 1077 148       
1040 1078 148       
1040 978 149       
1040 979 149       
1040 980 149       
1040 981 149       
1040 982 149       
1040 983 149       
1040 984 149       
1040 985 149       
1040 986 149       
1040 987 149       
1040 1066 149       
1040 1067 149       
1040 1068 149       
1040 1069 149       
1040 1070 149       
1040 1071 149       
1040 1072 149       
1040 1073 149       
1040 1074 149       
1040 1075 149       
1040 1076 149       
1040 980 150       
1040 981 150       
1040 982 150       
1040 983 150       
1040 984 150       
1040 985 150       
1040 986 150       
1040 987 150       
1040 988 150       
1040 989 150       
1040 990 150       
1040 1064 150       
1040 1065 150       
1040 1066 150       
1040 1067 150       
1040 1068 150       
1040 1069 150       
1040 1070 150       
1040 1071 150       
1040 1072 150       
1040 1073 150       
1040 1074 150       
1040 982 151       
1040 983 151       
1040 984 151       
1040 985 151       
1040 986 151       
1040 987 151       
1040 988 151       
1040 989 151       
1040 990 151       
1040 991 151       
1040 992 151       
1040 993 151       
1040 994 151       
1040 995 151       
1040 996 151       
1040 997 151       
1040 998 151       
1040 1059 151       
1040 1060 151       
1040 1061 151       
1040 1062 151       
1040 1063 151       
1040 1064 151       
1040 1065 151       
1040 1066 151       
1040 1067 151       
1040 1068 151       
1040 1069 151       
1040 1070 151       
1040 1071 151       
1040 984 152       
1040 985 152       
1040 986 152       
1040 987 152       
1040 988 152       
1040 989 152       
1040 990 152       
1040 991 152       
1040 992 152       
1040 993 152       
1040 994 152       
1040 995 152       
1040 996 152       
1040 997 152       
1040 998 152       
1040 999 152       
1040 1000 152       
1040 1001 152       
1040 1002 152       
1040 1003 152       
1040 1004 152       
1040 1005 152       
1040 1006 152       
1040 1057 152       
1040 1058 152       
1040 1059 152       
1040 1060 152       
1040 1061 152       
1040 1062 152       
1040 1063 152       
1040 1064 152       
1040 1065 152       
1040 1066 152       
1040 1067 152       
1040 1068 152       
1040 986 153       
1040 987 153       
1040 988 153       
1040 989 153       
1040 990 153       
1040 991 153       
1040 992 153       
1040 993 153       
1040 994 153       
1040 995 153       
1040 996 153       
1040 997 153       
1040 998 153       
1040 999 153       
1040 1000 153       
1040 1001 153       
1040 1002 153       
1040 1003 153       
1040 1004 153       
1040 1005 153       
1040 1006 153       
1040 1007 153       
1040 1008 153       
1040 1009 153       
1040 1010 153       
1040 1011 153       
1040 1012 153       
1040 1013 153       
1040 1014 153       
1040 1015 153       
1040 1021 153       
1040 1022 153       
1040 1023 153       
1040 1024 153       
1040 1025 153       
1040 1031 153       
1040 1032 153       
1040 1044 153       
1040 1045 153       
1040 1049 153       
1040 1050 153       
1040 1051 153       
1040 1052 153       
1040 1053 153       
1040 1054 153       
1040 1055 153       
1040 1056 153       
1040 1057 153       
1040 1058 153       
1040 1059 153       
1040 1060 153       
1040 1061 153       
1040 1062 153       
1040 1063 153       
1040 990 154       
1040 991 154       
1040 992 154       
1040 993 154       
1040 994 154       
1040 995 154       
1040 996 154       
1040 997 154       
1040 998 154       
1040 999 154       
1040 1000 154       
1040 1001 154       
1040 1002 154       
1040 1003 154       
1040 1004 154       
1040 1005 154       
1040 1006 154       
1040 1007 154       
1040 1008 154       
1040 1009 154       
1040 1010 154       
1040 1011 154       
1040 1012 154       
1040 1013 154       
1040 1014 154       
1040 1015 154       
1040 1016 154       
1040 1017 154       
1040 1018 154       
1040 1019 154       
1040 1020 154       
1040 1021 154       
1040 1022 154       
1040 1023 154       
1040 1024 154       
1040 1025 154       
1040 1026 154       
1040 1027 154       
1040 1028 154       
1040 1029 154       
1040 1030 154       
1040 1031 154       
1040 1032 154       
1040 1033 154       
1040 1034 154       
1040 1035 154       
1040 1036 154       
1040 1037 154       
1040 1038 154       
1040 1039 154       
1040 1040 154       
1040 1041 154       
1040 1042 154       
1040 1043 154       
1040 1044 154       
1040 1045 154       
1040 1046 154       
1040 1047 154       
1040 1048 154       
1040 1049 154       
1040 1050 154       
1040 1051 154       
1040 1052 154       
1040 1053 154       
1040 1054 154       
1040 1055 154       
1040 1056 154       
1040 1057 154       
1040 1058 154       
1040 1059 154       
1040 1060 154       
1040 999 155       
1040 1000 155       
1040 1001 155       
1040 1002 155       
1040 1003 155       
1040 1004 155       
1040 1005 155       
1040 1006 155       
1040 1007 155       
1040 1008 155       
1040 1009 155       
1040 1010 155       
1040 1011 155       
1040 1012 155       
1040 1013 155       
1040 1014 155       
1040 1015 155       
1040 1016 155       
1040 1017 155       
1040 1018 155       
1040 1019 155       
1040 1020 155       
1040 1021 155       
1040 1022 155       
1040 1023 155       
1040 1024 155       
1040 1025 155       
1040 1026 155       
1040 1027 155       
1040 1028 155       
1040 1029 155       
1040 1030 155       
1040 1031 155       
1040 1032 155       
1040 1033 155       
1040 1034 155       
1040 1035 155       
1040 1036 155       
1040 1037 155       
1040 1038 155       
1040 1039 155       
1040 1040 155       
1040 1041 155       
1040 1042 155       
1040 1043 155       
1040 1044 155       
1040 1045 155       
1040 1046 155       
1040 1047 155       
1040 1048 155       
1040 1049 155       
1040 1050 155       
1040 1051 155       
1040 1052 155       
1040 1053 155       
1040 1054 155       
1040 1055 155       
1040 1005 156       
1040 1006 156       
1040 1007 156       
1040 1008 156       
1040 1009 156       
1040 1010 156       
1040 1011 156       
1040 1012 156       
1040 1013 156       
1040 1014 156       
1040 1015 156       
1040 1016 156       
1040 1017 156       
1040 1018 156       
1040 1019 156       
1040 1020 156       
1040 1021 156       
1040 1022 156       
1040 1023 156       
1040 1024 156       
1040 1025 156       
1040 1026 156       
1040 1027 156       
1040 1028 156       
1040 1029 156       
1040 1030 156       
1040 1031 156       
1040 1032 156       
1040 1033 156       
1040 1034 156       
1040 1035 156       
1040 1036 156       
1040 1037 156       
1040 1038 156       
1040 1039 156       
1040 1040 156       
1040 1041 156       
1040 1042 156       
1040 1043 156       
1040 1044 156       
1040 1045 156       
1040 1046 156       
1040 1047 156       
1040 1048 156       
1040 1049 156       
1040 1050 156       
1040 1051 156       
1040 1025 157       
1040 1026 157       
1040 1027 157       
1040 1028 157       
1040 1029 157       
1040 1030 157       
1040 1031 157       
1040 1032 157       
1040 1033 157       
1040 1034 157       
1040 1035 157       
1040 1036 157       
1040 1037 157       
1040 1038 157       
1040 1039 157       
1040 1042 157       
1040 1043 157       
1040 1044 157       
1040 1045 157       
