859.502 910.6792 19       
859.2431 911.6453 19       
858.9843 912.6111 19       
858.7255 913.577 19       
858.4667 914.543 19       
858.2078 915.5089 19       
857.949 916.4749 19       
857.6902 917.4407 19       
857.4314 918.4067 19       
857.1726 919.3726 19       
856.9138 920.3385 19       
856.6549 921.3044 19       
856.3961 922.2704 19       
856.1373 923.2363 19       
855.8785 924.2021 19       
860.796 905.8496 20       
860.5372 906.8156 20       
860.2784 907.7815 20       
860.0196 908.7473 20       
859.7607 909.7134 20       
859.502 910.6792 20       
859.2431 911.6453 20       
858.9843 912.6111 20       
858.7255 913.577 20       
858.4667 914.543 20       
858.2078 915.5089 20       
857.949 916.4749 20       
857.6902 917.4407 20       
857.4314 918.4067 20       
857.1726 919.3726 20       
856.9138 920.3385 20       
856.6549 921.3044 20       
856.3961 922.2704 20       
856.1373 923.2363 20       
855.8785 924.2021 20       
855.6196 925.1682 20       
855.3608 926.134 20       
862.3489 900.0541 21       
862.0901 901.02 21       
861.8313 901.9858 21       
861.5725 902.9519 21       
861.3137 903.9177 21       
861.0549 904.8838 21       
860.796 905.8496 21       
860.5372 906.8156 21       
860.2784 907.7815 21       
860.0196 908.7473 21       
859.7607 909.7134 21       
859.502 910.6792 21       
859.2431 911.6453 21       
858.9843 912.6111 21       
858.7255 913.577 21       
858.4667 914.543 21       
858.2078 915.5089 21       
857.949 916.4749 21       
857.6902 917.4407 21       
857.4314 918.4067 21       
857.1726 919.3726 21       
856.9138 920.3385 21       
856.6549 921.3044 21       
856.3961 922.2704 21       
856.1373 923.2363 21       
855.8785 924.2021 21       
855.6196 925.1682 21       
855.3608 926.134 21       
863.6431 895.2244 22       
863.3842 896.1904 22       
863.1254 897.1562 22       
862.8666 898.1222 22       
862.6078 899.0881 22       
862.3489 900.0541 22       
862.0901 901.02 22       
861.8313 901.9858 22       
861.5725 902.9519 22       
861.3137 903.9177 22       
861.0549 904.8838 22       
860.796 905.8496 22       
860.5372 906.8156 22       
860.2784 907.7815 22       
860.0196 908.7473 22       
859.7607 909.7134 22       
859.502 910.6792 22       
859.2431 911.6453 22       
857.4314 918.4067 22       
857.1726 919.3726 22       
856.9138 920.3385 22       
856.6549 921.3044 22       
856.3961 922.2704 22       
856.1373 923.2363 22       
855.8785 924.2021 22       
855.6196 925.1682 22       
855.3608 926.134 22       
855.1021 927.1 22       
854.8432 928.0659 22       
854.5844 929.0319 22       
864.6783 891.3607 23       
864.4195 892.3267 23       
864.1607 893.2926 23       
863.9019 894.2585 23       
863.6431 895.2244 23       
863.3842 896.1904 23       
863.1254 897.1562 23       
862.8666 898.1222 23       
862.6078 899.0881 23       
862.3489 900.0541 23       
862.0901 901.02 23       
861.8313 901.9858 23       
861.5725 902.9519 23       
861.3137 903.9177 23       
861.0549 904.8838 23       
860.796 905.8496 23       
856.9138 920.3385 23       
856.6549 921.3044 23       
856.3961 922.2704 23       
856.1373 923.2363 23       
855.8785 924.2021 23       
855.6196 925.1682 23       
855.3608 926.134 23       
855.1021 927.1 23       
854.8432 928.0659 23       
854.5844 929.0319 23       
854.3256 929.9978 23       
854.0668 930.9636 23       
866.2312 885.5652 24       
865.9724 886.5311 24       
865.7136 887.4971 24       
865.4548 888.4629 24       
865.1959 889.429 24       
864.9371 890.3948 24       
864.6783 891.3607 24       
864.4195 892.3267 24       
864.1607 893.2926 24       
863.9019 894.2585 24       
863.6431 895.2244 24       
863.3842 896.1904 24       
863.1254 897.1562 24       
862.8666 898.1222 24       
862.6078 899.0881 24       
862.3489 900.0541 24       
862.0901 901.02 24       
861.8313 901.9858 24       
861.5725 902.9519 24       
861.3137 903.9177 24       
861.0549 904.8838 24       
855.6196 925.1682 24       
855.3608 926.134 24       
855.1021 927.1 24       
854.8432 928.0659 24       
854.5844 929.0319 24       
854.3256 929.9978 24       
854.0668 930.9636 24       
853.8079 931.9297 24       
853.5491 932.8955 24       
867.7842 879.7697 25       
867.5253 880.7356 25       
867.2665 881.7014 25       
867.0077 882.6675 25       
866.7489 883.6333 25       
866.4901 884.5992 25       
866.2312 885.5652 25       
865.9724 886.5311 25       
865.7136 887.4971 25       
865.4548 888.4629 25       
865.1959 889.429 25       
864.9371 890.3948 25       
864.6783 891.3607 25       
864.4195 892.3267 25       
864.1607 893.2926 25       
863.9019 894.2585 25       
863.6431 895.2244 25       
863.3842 896.1904 25       
863.1254 897.1562 25       
862.8666 898.1222 25       
862.6078 899.0881 25       
862.3489 900.0541 25       
854.8432 928.0659 25       
854.5844 929.0319 25       
854.3256 929.9978 25       
854.0668 930.9636 25       
853.8079 931.9297 25       
853.5491 932.8955 25       
853.2903 933.8615 25       
853.0315 934.8274 25       
852.7726 935.7933 25       
852.5138 936.7593 25       
868.3018 877.8378 26       
868.043 878.8037 26       
867.7842 879.7697 26       
867.5253 880.7356 26       
867.2665 881.7014 26       
867.0077 882.6675 26       
866.7489 883.6333 26       
866.4901 884.5992 26       
866.2312 885.5652 26       
865.9724 886.5311 26       
865.7136 887.4971 26       
865.4548 888.4629 26       
865.1959 889.429 26       
864.9371 890.3948 26       
864.6783 891.3607 26       
864.4195 892.3267 26       
854.3256 929.9978 26       
854.0668 930.9636 26       
853.8079 931.9297 26       
853.5491 932.8955 26       
853.2903 933.8615 26       
853.0315 934.8274 26       
852.7726 935.7933 26       
852.5138 936.7593 26       
852.255 937.7251 26       
851.9962 938.6912 26       
851.7374 939.657 26       
851.4785 940.623 26       
851.2197 941.5889 26       
868.5606 876.8718 27       
868.3018 877.8378 27       
868.043 878.8037 27       
867.7842 879.7697 27       
867.5253 880.7356 27       
867.2665 881.7014 27       
867.0077 882.6675 27       
866.7489 883.6333 27       
866.4901 884.5992 27       
866.2312 885.5652 27       
865.9724 886.5311 27       
865.7136 887.4971 27       
865.4548 888.4629 27       
854.0668 930.9636 27       
853.8079 931.9297 27       
853.5491 932.8955 27       
853.2903 933.8615 27       
853.0315 934.8274 27       
852.7726 935.7933 27       
852.5138 936.7593 27       
852.255 937.7251 27       
851.9962 938.6912 27       
851.7374 939.657 27       
851.4785 940.623 27       
851.2197 941.5889 27       
850.9609 942.5548 27       
850.7021 943.5208 27       
850.4432 944.4866 27       
868.8195 875.906 28       
868.5606 876.8718 28       
868.3018 877.8378 28       
868.043 878.8037 28       
867.7842 879.7697 28       
867.5253 880.7356 28       
867.2665 881.7014 28       
867.0077 882.6675 28       
866.7489 883.6333 28       
853.5491 932.8955 28       
853.2903 933.8615 28       
853.0315 934.8274 28       
852.7726 935.7933 28       
852.5138 936.7593 28       
852.255 937.7251 28       
851.9962 938.6912 28       
851.7374 939.657 28       
851.4785 940.623 28       
851.2197 941.5889 28       
850.9609 942.5548 28       
850.7021 943.5208 28       
850.4432 944.4866 28       
850.1844 945.4526 28       
849.9257 946.4185 28       
869.337 873.9741 29       
869.0782 874.9399 29       
868.8195 875.906 29       
868.5606 876.8718 29       
868.3018 877.8378 29       
868.043 878.8037 29       
867.7842 879.7697 29       
867.5253 880.7356 29       
852.5138 936.7593 29       
852.255 937.7251 29       
851.9962 938.6912 29       
851.7374 939.657 29       
851.4785 940.623 29       
851.2197 941.5889 29       
850.9609 942.5548 29       
850.7021 943.5208 29       
850.4432 944.4866 29       
850.1844 945.4526 29       
849.9257 946.4185 29       
849.6668 947.3845 29       
849.408 948.3503 29       
869.5959 873.0082 30       
869.337 873.9741 30       
869.0782 874.9399 30       
868.8195 875.906 30       
868.5606 876.8718 30       
868.3018 877.8378 30       
868.043 878.8037 30       
851.7374 939.657 30       
851.4785 940.623 30       
851.2197 941.5889 30       
850.9609 942.5548 30       
850.7021 943.5208 30       
850.4432 944.4866 30       
850.1844 945.4526 30       
849.9257 946.4185 30       
849.6668 947.3845 30       
849.408 948.3503 30       
849.1492 949.3163 30       
848.8904 950.2822 30       
848.6315 951.2482 30       
870.1135 871.0763 31       
869.8547 872.0422 31       
869.5959 873.0082 31       
869.337 873.9741 31       
869.0782 874.9399 31       
868.8195 875.906 31       
868.5606 876.8718 31       
851.2197 941.5889 31       
850.9609 942.5548 31       
850.7021 943.5208 31       
850.4432 944.4866 31       
850.1844 945.4526 31       
849.9257 946.4185 31       
849.6668 947.3845 31       
849.408 948.3503 31       
849.1492 949.3163 31       
848.8904 950.2822 31       
848.6315 951.2482 31       
848.3727 952.2141 31       
848.1139 953.1799 31       
870.3723 870.1104 32       
870.1135 871.0763 32       
869.8547 872.0422 32       
869.5959 873.0082 32       
869.337 873.9741 32       
869.0782 874.9399 32       
868.8195 875.906 32       
850.7021 943.5208 32       
850.4432 944.4866 32       
850.1844 945.4526 32       
849.9257 946.4185 32       
849.6668 947.3845 32       
849.408 948.3503 32       
849.1492 949.3163 32       
848.8904 950.2822 32       
848.6315 951.2482 32       
848.3727 952.2141 32       
848.1139 953.1799 32       
847.8551 954.146 32       
847.5963 955.1118 32       
847.3375 956.0778 32       
847.0786 957.0437 32       
870.89 868.1785 33       
870.6312 869.1445 33       
870.3723 870.1104 33       
870.1135 871.0763 33       
869.8547 872.0422 33       
869.5959 873.0082 33       
849.6668 947.3845 33       
849.408 948.3503 33       
849.1492 949.3163 33       
848.8904 950.2822 33       
848.6315 951.2482 33       
848.3727 952.2141 33       
848.1139 953.1799 33       
847.8551 954.146 33       
847.5963 955.1118 33       
847.3375 956.0778 33       
847.0786 957.0437 33       
846.8198 958.0096 33       
846.561 958.9756 33       
871.1488 867.2126 34       
870.89 868.1785 34       
870.6312 869.1445 34       
870.3723 870.1104 34       
870.1135 871.0763 34       
869.8547 872.0422 34       
848.8904 950.2822 34       
848.6315 951.2482 34       
848.3727 952.2141 34       
848.1139 953.1799 34       
847.8551 954.146 34       
847.5963 955.1118 34       
847.3375 956.0778 34       
847.0786 957.0437 34       
846.8198 958.0096 34       
846.561 958.9756 34       
846.3022 959.9414 34       
846.0433 960.9075 34       
845.7845 961.8733 34       
845.5257 962.8392 34       
871.6664 865.2808 35       
871.4076 866.2466 35       
871.1488 867.2126 35       
870.89 868.1785 35       
870.6312 869.1445 35       
870.3723 870.1104 35       
870.1135 871.0763 35       
848.3727 952.2141 35       
848.1139 953.1799 35       
847.8551 954.146 35       
847.5963 955.1118 35       
847.3375 956.0778 35       
847.0786 957.0437 35       
846.8198 958.0096 35       
846.561 958.9756 35       
846.3022 959.9414 35       
846.0433 960.9075 35       
845.7845 961.8733 35       
845.5257 962.8392 35       
845.2669 963.8052 35       
845.0081 964.7711 35       
844.7493 965.7371 35       
871.9253 864.3148 36       
871.6664 865.2808 36       
871.4076 866.2466 36       
871.1488 867.2126 36       
870.89 868.1785 36       
870.6312 869.1445 36       
870.3723 870.1104 36       
847.3375 956.0778 36       
847.0786 957.0437 36       
846.8198 958.0096 36       
846.561 958.9756 36       
846.3022 959.9414 36       
846.0433 960.9075 36       
845.7845 961.8733 36       
845.5257 962.8392 36       
845.2669 963.8052 36       
845.0081 964.7711 36       
844.7493 965.7371 36       
844.4904 966.7029 36       
844.2316 967.6689 36       
843.9728 968.6348 36       
843.714 969.6007 36       
843.4551 970.5667 36       
843.1964 971.5326 36       
872.4429 862.3829 37       
872.1841 863.3489 37       
871.9253 864.3148 37       
871.6664 865.2808 37       
871.4076 866.2466 37       
871.1488 867.2126 37       
870.89 868.1785 37       
870.6312 869.1445 37       
846.3022 959.9414 37       
846.0433 960.9075 37       
845.7845 961.8733 37       
845.5257 962.8392 37       
845.2669 963.8052 37       
845.0081 964.7711 37       
844.7493 965.7371 37       
844.4904 966.7029 37       
844.2316 967.6689 37       
843.9728 968.6348 37       
843.714 969.6007 37       
843.4551 970.5667 37       
843.1964 971.5326 37       
842.9375 972.4985 37       
842.6787 973.4644 37       
842.4199 974.4304 37       
842.1611 975.3962 37       
872.9605 860.4512 38       
872.7017 861.417 38       
872.4429 862.3829 38       
872.1841 863.3489 38       
871.9253 864.3148 38       
871.6664 865.2808 38       
871.4076 866.2466 38       
871.1488 867.2126 38       
845.0081 964.7711 38       
844.2316 967.6689 38       
843.9728 968.6348 38       
843.714 969.6007 38       
843.4551 970.5667 38       
843.1964 971.5326 38       
842.9375 972.4985 38       
842.6787 973.4644 38       
842.4199 974.4304 38       
842.1611 975.3962 38       
841.9022 976.3622 38       
841.6434 977.3281 38       
841.3846 978.2941 38       
873.2194 859.4851 39       
872.9605 860.4512 39       
872.7017 861.417 39       
872.4429 862.3829 39       
872.1841 863.3489 39       
871.9253 864.3148 39       
871.6664 865.2808 39       
843.4551 970.5667 39       
843.1964 971.5326 39       
842.9375 972.4985 39       
842.6787 973.4644 39       
842.4199 974.4304 39       
842.1611 975.3962 39       
841.9022 976.3622 39       
841.6434 977.3281 39       
841.3846 978.2941 39       
841.1258 979.26 39       
840.8669 980.2258 39       
840.6082 981.1919 39       
840.3494 982.1577 39       
840.0905 983.1238 39       
839.8317 984.0896 39       
873.737 857.5533 40       
873.4781 858.5193 40       
873.2194 859.4851 40       
872.9605 860.4512 40       
872.7017 861.417 40       
872.4429 862.3829 40       
842.4199 974.4304 40       
842.1611 975.3962 40       
841.9022 976.3622 40       
841.6434 977.3281 40       
841.3846 978.2941 40       
841.1258 979.26 40       
840.8669 980.2258 40       
840.6082 981.1919 40       
840.3494 982.1577 40       
840.0905 983.1238 40       
839.8317 984.0896 40       
839.5729 985.0555 40       
839.3141 986.0215 40       
839.0552 986.9873 40       
838.7964 987.9534 40       
838.5376 988.9192 40       
838.2788 989.8853 40       
938.9594 614.14 41       
938.7006 615.106 41       
938.4418 616.0719 41       
874.2546 855.6215 41       
873.9958 856.5874 41       
873.737 857.5533 41       
873.4781 858.5193 41       
873.2194 859.4851 41       
872.9605 860.4512 41       
872.7017 861.417 41       
841.3846 978.2941 41       
841.1258 979.26 41       
840.8669 980.2258 41       
840.6082 981.1919 41       
840.3494 982.1577 41       
840.0905 983.1238 41       
839.8317 984.0896 41       
839.5729 985.0555 41       
839.3141 986.0215 41       
839.0552 986.9873 41       
838.7964 987.9534 41       
838.5376 988.9192 41       
838.2788 989.8853 41       
838.02 990.8511 41       
837.7611 991.817 41       
837.5023 992.783 41       
837.2435 993.7489 41       
836.9847 994.7148 41       
938.9594 614.14 42       
938.7006 615.106 42       
875.0311 852.7236 42       
874.7723 853.6897 42       
874.5134 854.6555 42       
874.2546 855.6215 42       
873.9958 856.5874 42       
873.737 857.5533 42       
873.4781 858.5193 42       
873.2194 859.4851 42       
872.9605 860.4512 42       
840.6082 981.1919 42       
840.3494 982.1577 42       
840.0905 983.1238 42       
839.8317 984.0896 42       
839.5729 985.0555 42       
839.3141 986.0215 42       
839.0552 986.9873 42       
838.7964 987.9534 42       
838.5376 988.9192 42       
838.2788 989.8853 42       
838.02 990.8511 42       
837.7611 991.817 42       
837.5023 992.783 42       
837.2435 993.7489 42       
836.9847 994.7148 42       
836.7258 995.6807 42       
836.467 996.6467 42       
836.2083 997.6125 42       
835.9494 998.5785 42       
835.6906 999.5444 42       
938.9594 614.14 43       
938.7006 615.106 43       
875.5487 850.7919 43       
875.2899 851.7578 43       
875.0311 852.7236 43       
874.7723 853.6897 43       
874.5134 854.6555 43       
874.2546 855.6215 43       
873.9958 856.5874 43       
873.737 857.5533 43       
839.8317 984.0896 43       
839.5729 985.0555 43       
839.3141 986.0215 43       
839.0552 986.9873 43       
838.7964 987.9534 43       
838.5376 988.9192 43       
838.2788 989.8853 43       
838.02 990.8511 43       
837.7611 991.817 43       
837.5023 992.783 43       
837.2435 993.7489 43       
836.9847 994.7148 43       
836.7258 995.6807 43       
836.467 996.6467 43       
836.2083 997.6125 43       
835.9494 998.5785 43       
835.6906 999.5444 43       
835.4318 1000.51 43       
835.173 1001.476 43       
834.9141 1002.442 43       
834.6553 1003.408 43       
938.9594 614.14 44       
938.7006 615.106 44       
876.0663 848.86 44       
875.8076 849.8259 44       
875.5487 850.7919 44       
875.2899 851.7578 44       
875.0311 852.7236 44       
874.7723 853.6897 44       
874.5134 854.6555 44       
874.2546 855.6215 44       
838.2788 989.8853 44       
838.02 990.8511 44       
837.7611 991.817 44       
837.5023 992.783 44       
837.2435 993.7489 44       
836.9847 994.7148 44       
836.7258 995.6807 44       
836.467 996.6467 44       
836.2083 997.6125 44       
835.9494 998.5785 44       
835.6906 999.5444 44       
835.4318 1000.51 44       
835.173 1001.476 44       
834.9141 1002.442 44       
834.6553 1003.408 44       
834.3965 1004.374 44       
834.1377 1005.34 44       
833.8788 1006.306 44       
833.6201 1007.272 44       
833.3612 1008.238 44       
939.2182 613.1741 45       
938.9594 614.14 45       
876.584 846.9282 45       
876.3252 847.894 45       
876.0663 848.86 45       
875.8076 849.8259 45       
875.5487 850.7919 45       
875.2899 851.7578 45       
875.0311 852.7236 45       
874.7723 853.6897 45       
874.5134 854.6555 45       
836.467 996.6467 45       
836.2083 997.6125 45       
835.9494 998.5785 45       
835.6906 999.5444 45       
835.4318 1000.51 45       
835.173 1001.476 45       
834.9141 1002.442 45       
834.6553 1003.408 45       
834.3965 1004.374 45       
834.1377 1005.34 45       
833.8788 1006.306 45       
833.6201 1007.272 45       
833.3612 1008.238 45       
833.1024 1009.204 45       
832.8436 1010.17 45       
832.5847 1011.135 45       
832.3259 1012.101 45       
832.0671 1013.067 45       
831.8083 1014.033 45       
831.5495 1014.999 45       
831.2906 1015.965 45       
831.0319 1016.931 45       
939.2182 613.1741 46       
938.9594 614.14 46       
877.1016 844.9963 46       
876.8428 845.9622 46       
876.584 846.9282 46       
876.3252 847.894 46       
876.0663 848.86 46       
875.8076 849.8259 46       
875.5487 850.7919 46       
875.2899 851.7578 46       
834.1377 1005.34 46       
833.8788 1006.306 46       
833.6201 1007.272 46       
833.3612 1008.238 46       
833.1024 1009.204 46       
832.8436 1010.17 46       
832.5847 1011.135 46       
832.3259 1012.101 46       
832.0671 1013.067 46       
831.8083 1014.033 46       
831.5495 1014.999 46       
831.2906 1015.965 46       
831.0319 1016.931 46       
830.7731 1017.897 46       
830.5142 1018.863 46       
830.2554 1019.829 46       
829.9966 1020.795 46       
829.7378 1021.761 46       
829.4789 1022.727 46       
829.2201 1023.693 46       
828.9613 1024.658 46       
828.7025 1025.625 46       
939.2182 613.1741 47       
938.9594 614.14 47       
877.6193 843.0645 47       
877.3605 844.0304 47       
877.1016 844.9963 47       
876.8428 845.9622 47       
876.584 846.9282 47       
876.3252 847.894 47       
876.0663 848.86 47       
875.8076 849.8259 47       
875.5487 850.7919 47       
833.1024 1009.204 47       
832.8436 1010.17 47       
832.5847 1011.135 47       
832.3259 1012.101 47       
832.0671 1013.067 47       
831.8083 1014.033 47       
831.5495 1014.999 47       
831.2906 1015.965 47       
831.0319 1016.931 47       
830.7731 1017.897 47       
830.5142 1018.863 47       
830.2554 1019.829 47       
829.9966 1020.795 47       
829.7378 1021.761 47       
829.4789 1022.727 47       
829.2201 1023.693 47       
828.9613 1024.658 47       
828.7025 1025.625 47       
828.4437 1026.59 47       
828.1848 1027.556 47       
827.926 1028.522 47       
827.6672 1029.488 47       
827.4084 1030.454 47       
827.1495 1031.42 47       
939.2182 613.1741 48       
878.1369 841.1326 48       
877.8781 842.0985 48       
877.6193 843.0645 48       
877.3605 844.0304 48       
877.1016 844.9963 48       
876.8428 845.9622 48       
876.584 846.9282 48       
876.3252 847.894 48       
876.0663 848.86 48       
831.2906 1015.965 48       
831.0319 1016.931 48       
830.7731 1017.897 48       
830.5142 1018.863 48       
830.2554 1019.829 48       
829.9966 1020.795 48       
829.7378 1021.761 48       
829.4789 1022.727 48       
829.2201 1023.693 48       
828.9613 1024.658 48       
828.7025 1025.625 48       
828.4437 1026.59 48       
828.1848 1027.556 48       
827.926 1028.522 48       
827.6672 1029.488 48       
827.4084 1030.454 48       
827.1495 1031.42 48       
826.8907 1032.386 48       
826.632 1033.352 48       
826.3731 1034.318 48       
939.2182 613.1741 49       
878.6545 839.2007 49       
878.3958 840.1667 49       
878.1369 841.1326 49       
877.8781 842.0985 49       
877.6193 843.0645 49       
877.3605 844.0304 49       
877.1016 844.9963 49       
876.8428 845.9622 49       
876.584 846.9282 49       
876.3252 847.894 49       
829.2201 1023.693 49       
828.9613 1024.658 49       
828.7025 1025.625 49       
828.4437 1026.59 49       
828.1848 1027.556 49       
827.926 1028.522 49       
827.6672 1029.488 49       
827.4084 1030.454 49       
827.1495 1031.42 49       
826.8907 1032.386 49       
826.632 1033.352 49       
826.3731 1034.318 49       
826.1143 1035.284 49       
825.8555 1036.25 49       
825.5967 1037.216 49       
825.3378 1038.181 49       
825.079 1039.147 49       
939.4771 612.2082 50       
939.2182 613.1741 50       
879.431 836.303 50       
879.1722 837.2689 50       
878.9134 838.2348 50       
878.6545 839.2007 50       
878.3958 840.1667 50       
878.1369 841.1326 50       
877.8781 842.0985 50       
877.6193 843.0645 50       
827.6672 1029.488 50       
827.4084 1030.454 50       
827.1495 1031.42 50       
826.8907 1032.386 50       
826.632 1033.352 50       
826.3731 1034.318 50       
826.1143 1035.284 50       
825.8555 1036.25 50       
825.5967 1037.216 50       
825.3378 1038.181 50       
825.079 1039.147 50       
824.8202 1040.113 50       
824.5614 1041.079 50       
824.3026 1042.045 50       
824.0437 1043.011 50       
823.7849 1043.977 50       
939.4771 612.2082 51       
939.2182 613.1741 51       
879.9486 834.3711 51       
879.6898 835.337 51       
879.431 836.303 51       
879.1722 837.2689 51       
878.9134 838.2348 51       
878.6545 839.2007 51       
878.3958 840.1667 51       
878.1369 841.1326 51       
877.8781 842.0985 51       
825.079 1039.147 51       
824.8202 1040.113 51       
824.5614 1041.079 51       
824.3026 1042.045 51       
824.0437 1043.011 51       
823.7849 1043.977 51       
823.5261 1044.943 51       
823.2673 1045.909 51       
823.0084 1046.875 51       
822.7496 1047.841 51       
822.4908 1048.807 51       
822.232 1049.773 51       
939.4771 612.2082 52       
939.2182 613.1741 52       
880.7251 831.4733 52       
880.4663 832.4393 52       
880.2075 833.4052 52       
879.9486 834.3711 52       
879.6898 835.337 52       
879.431 836.303 52       
879.1722 837.2689 52       
878.9134 838.2348 52       
878.6545 839.2007 52       
823.7849 1043.977 52       
823.5261 1044.943 52       
823.2673 1045.909 52       
823.0084 1046.875 52       
822.7496 1047.841 52       
822.4908 1048.807 52       
822.232 1049.773 52       
821.9731 1050.739 52       
821.7144 1051.704 52       
821.4556 1052.67 52       
821.1967 1053.636 52       
820.9379 1054.602 52       
820.6791 1055.568 52       
820.4203 1056.534 52       
939.4771 612.2082 53       
939.2182 613.1741 53       
881.2427 829.5415 53       
880.9839 830.5074 53       
880.7251 831.4733 53       
880.4663 832.4393 53       
880.2075 833.4052 53       
879.9486 834.3711 53       
879.6898 835.337 53       
879.431 836.303 53       
879.1722 837.2689 53       
821.9731 1050.739 53       
821.7144 1051.704 53       
821.4556 1052.67 53       
821.1967 1053.636 53       
820.9379 1054.602 53       
820.6791 1055.568 53       
820.4203 1056.534 53       
820.1614 1057.5 53       
819.9026 1058.466 53       
819.6438 1059.432 53       
819.385 1060.398 53       
819.1262 1061.364 53       
818.8673 1062.33 53       
818.6085 1063.296 53       
939.4771 612.2082 54       
939.2182 613.1741 54       
881.7604 827.6096 54       
881.5016 828.5756 54       
881.2427 829.5415 54       
880.9839 830.5074 54       
880.7251 831.4733 54       
880.4663 832.4393 54       
880.2075 833.4052 54       
821.4556 1052.67 54       
821.1967 1053.636 54       
820.9379 1054.602 54       
820.6791 1055.568 54       
820.4203 1056.534 54       
820.1614 1057.5 54       
819.385 1060.398 54       
819.1262 1061.364 54       
818.8673 1062.33 54       
818.6085 1063.296 54       
818.3497 1064.261 54       
818.0909 1065.227 54       
817.832 1066.193 54       
817.5732 1067.159 54       
817.3145 1068.125 54       
939.4771 612.2082 55       
939.2182 613.1741 55       
882.7957 823.7459 55       
882.5369 824.7119 55       
882.278 825.6778 55       
882.0192 826.6437 55       
881.7604 827.6096 55       
881.5016 828.5756 55       
881.2427 829.5415 55       
880.9839 830.5074 55       
880.7251 831.4733 55       
880.4663 832.4393 55       
818.6085 1063.296 55       
818.3497 1064.261 55       
818.0909 1065.227 55       
817.832 1066.193 55       
817.5732 1067.159 55       
817.3145 1068.125 55       
817.0556 1069.091 55       
816.7968 1070.057 55       
816.538 1071.023 55       
816.2792 1071.989 55       
816.0204 1072.955 55       
815.7615 1073.921 55       
815.2439 1075.853 55       
939.7358 611.2422 56       
939.4771 612.2082 56       
939.2182 613.1741 56       
883.3133 821.8141 56       
883.0544 822.78 56       
882.7957 823.7459 56       
882.5369 824.7119 56       
882.278 825.6778 56       
882.0192 826.6437 56       
881.7604 827.6096 56       
881.5016 828.5756 56       
881.2427 829.5415 56       
880.9839 830.5074 56       
817.0556 1069.091 56       
816.7968 1070.057 56       
816.538 1071.023 56       
816.2792 1071.989 56       
816.0204 1072.955 56       
815.7615 1073.921 56       
815.5027 1074.887 56       
815.2439 1075.853 56       
814.9851 1076.818 56       
814.7263 1077.784 56       
814.4674 1078.75 56       
814.2086 1079.716 56       
939.7358 611.2422 57       
939.4771 612.2082 57       
939.2182 613.1741 57       
884.0897 818.9163 57       
883.8309 819.8822 57       
883.5721 820.8481 57       
883.3133 821.8141 57       
883.0544 822.78 57       
882.7957 823.7459 57       
882.5369 824.7119 57       
882.278 825.6778 57       
882.0192 826.6437 57       
816.2792 1071.989 57       
816.0204 1072.955 57       
815.7615 1073.921 57       
815.5027 1074.887 57       
815.2439 1075.853 57       
814.9851 1076.818 57       
814.7263 1077.784 57       
814.4674 1078.75 57       
814.2086 1079.716 57       
813.9498 1080.682 57       
813.691 1081.648 57       
813.4321 1082.614 57       
939.7358 611.2422 58       
939.4771 612.2082 58       
884.6074 816.9844 58       
884.3486 817.9504 58       
884.0897 818.9163 58       
883.8309 819.8822 58       
883.5721 820.8481 58       
883.3133 821.8141 58       
883.0544 822.78 58       
882.7957 823.7459 58       
882.5369 824.7119 58       
882.278 825.6778 58       
815.2439 1075.853 58       
814.9851 1076.818 58       
814.7263 1077.784 58       
814.4674 1078.75 58       
814.2086 1079.716 58       
813.9498 1080.682 58       
813.691 1081.648 58       
813.4321 1082.614 58       
813.1733 1083.58 58       
812.9146 1084.546 58       
812.6557 1085.512 58       
812.3969 1086.478 58       
939.7358 611.2422 59       
939.4771 612.2082 59       
885.125 815.0526 59       
884.8662 816.0186 59       
884.6074 816.9844 59       
884.3486 817.9504 59       
884.0897 818.9163 59       
883.8309 819.8822 59       
883.5721 820.8481 59       
883.3133 821.8141 59       
883.0544 822.78 59       
814.4674 1078.75 59       
814.2086 1079.716 59       
813.9498 1080.682 59       
813.691 1081.648 59       
813.4321 1082.614 59       
813.1733 1083.58 59       
812.9146 1084.546 59       
812.6557 1085.512 59       
812.3969 1086.478 59       
812.1381 1087.444 59       
811.8793 1088.41 59       
811.6204 1089.375 59       
811.3616 1090.341 59       
811.1028 1091.307 59       
939.7358 611.2422 60       
939.4771 612.2082 60       
885.9015 812.1548 60       
885.6427 813.1207 60       
885.3839 814.0867 60       
885.125 815.0526 60       
884.8662 816.0186 60       
884.6074 816.9844 60       
884.3486 817.9504 60       
884.0897 818.9163 60       
813.691 1081.648 60       
813.4321 1082.614 60       
813.1733 1083.58 60       
812.9146 1084.546 60       
812.6557 1085.512 60       
812.3969 1086.478 60       
812.1381 1087.444 60       
811.8793 1088.41 60       
811.6204 1089.375 60       
811.3616 1090.341 60       
811.1028 1091.307 60       
810.844 1092.273 60       
810.5851 1093.239 60       
810.3263 1094.205 60       
810.0675 1095.171 60       
939.7358 611.2422 61       
939.4771 612.2082 61       
886.678 809.257 61       
886.4191 810.223 61       
886.1603 811.1889 61       
885.9015 812.1548 61       
885.6427 813.1207 61       
885.3839 814.0867 61       
885.125 815.0526 61       
884.8662 816.0186 61       
884.6074 816.9844 61       
812.6557 1085.512 61       
812.3969 1086.478 61       
812.1381 1087.444 61       
811.8793 1088.41 61       
811.6204 1089.375 61       
811.3616 1090.341 61       
811.1028 1091.307 61       
810.844 1092.273 61       
810.5851 1093.239 61       
810.3263 1094.205 61       
810.0675 1095.171 61       
809.8087 1096.137 61       
809.5499 1097.103 61       
809.291 1098.069 61       
939.7358 611.2422 62       
939.4771 612.2082 62       
939.2182 613.1741 62       
886.9368 808.2911 62       
886.678 809.257 62       
886.4191 810.223 62       
886.1603 811.1889 62       
885.9015 812.1548 62       
885.6427 813.1207 62       
885.3839 814.0867 62       
885.125 815.0526 62       
811.8793 1088.41 62       
811.6204 1089.375 62       
811.3616 1090.341 62       
811.1028 1091.307 62       
810.844 1092.273 62       
810.5851 1093.239 62       
810.3263 1094.205 62       
810.0675 1095.171 62       
809.8087 1096.137 62       
809.5499 1097.103 62       
809.291 1098.069 62       
809.0322 1099.035 62       
808.7734 1100.001 62       
808.5146 1100.967 62       
808.2557 1101.933 62       
939.4771 612.2082 63       
939.2182 613.1741 63       
887.972 804.4274 63       
887.7132 805.3934 63       
887.4544 806.3593 63       
887.1956 807.3252 63       
886.9368 808.2911 63       
886.678 809.257 63       
886.4191 810.223 63       
810.3263 1094.205 63       
810.0675 1095.171 63       
809.8087 1096.137 63       
809.5499 1097.103 63       
809.291 1098.069 63       
809.0322 1099.035 63       
808.7734 1100.001 63       
808.5146 1100.967 63       
808.2557 1101.933 63       
807.9969 1102.898 63       
807.7382 1103.864 63       
807.4793 1104.83 63       
807.2205 1105.796 63       
806.9617 1106.762 63       
939.4771 612.2082 64       
939.2182 613.1741 64       
938.9594 614.14 64       
888.7485 801.5297 64       
888.4897 802.4955 64       
888.2308 803.4615 64       
887.972 804.4274 64       
887.7132 805.3934 64       
887.4544 806.3593 64       
887.1956 807.3252 64       
886.9368 808.2911 64       
809.8087 1096.137 64       
809.5499 1097.103 64       
809.291 1098.069 64       
809.0322 1099.035 64       
808.7734 1100.001 64       
808.5146 1100.967 64       
808.2557 1101.933 64       
807.9969 1102.898 64       
807.7382 1103.864 64       
807.4793 1104.83 64       
807.2205 1105.796 64       
806.9617 1106.762 64       
806.7029 1107.728 64       
806.444 1108.694 64       
806.1852 1109.66 64       
805.9264 1110.626 64       
939.2182 613.1741 65       
938.9594 614.14 65       
889.2661 799.5978 65       
889.0073 800.5637 65       
888.7485 801.5297 65       
888.4897 802.4955 65       
888.2308 803.4615 65       
887.972 804.4274 65       
887.7132 805.3934 65       
887.4544 806.3593 65       
887.1956 807.3252 65       
807.7382 1103.864 65       
807.4793 1104.83 65       
807.2205 1105.796 65       
806.9617 1106.762 65       
806.7029 1107.728 65       
806.444 1108.694 65       
806.1852 1109.66 65       
805.9264 1110.626 65       
805.6676 1111.592 65       
805.4088 1112.558 65       
805.1499 1113.524 65       
804.8911 1114.49 65       
804.6323 1115.456 65       
939.2182 613.1741 66       
938.9594 614.14 66       
938.7006 615.106 66       
889.7838 797.666 66       
889.525 798.6318 66       
889.2661 799.5978 66       
889.0073 800.5637 66       
888.7485 801.5297 66       
888.4897 802.4955 66       
888.2308 803.4615 66       
887.972 804.4274 66       
887.7132 805.3934 66       
887.4544 806.3593 66       
807.2205 1105.796 66       
806.9617 1106.762 66       
806.7029 1107.728 66       
806.444 1108.694 66       
806.1852 1109.66 66       
805.9264 1110.626 66       
805.6676 1111.592 66       
805.4088 1112.558 66       
805.1499 1113.524 66       
804.8911 1114.49 66       
804.6323 1115.456 66       
804.3735 1116.422 66       
804.1146 1117.387 66       
803.8558 1118.353 66       
803.597 1119.319 66       
939.2182 613.1741 67       
938.9594 614.14 67       
938.7006 615.106 67       
890.5602 794.7682 67       
890.3014 795.7341 67       
890.0426 796.7 67       
889.7838 797.666 67       
889.525 798.6318 67       
889.2661 799.5978 67       
889.0073 800.5637 67       
888.7485 801.5297 67       
888.4897 802.4955 67       
888.2308 803.4615 67       
806.1852 1109.66 67       
805.9264 1110.626 67       
805.6676 1111.592 67       
805.4088 1112.558 67       
805.1499 1113.524 67       
804.8911 1114.49 67       
804.6323 1115.456 67       
804.3735 1116.422 67       
804.1146 1117.387 67       
803.8558 1118.353 67       
803.597 1119.319 67       
803.3382 1120.285 67       
803.0793 1121.251 67       
802.8206 1122.217 67       
802.5618 1123.183 67       
802.3029 1124.149 67       
802.0441 1125.115 67       
801.7853 1126.081 67       
939.4771 612.2082 68       
939.2182 613.1741 68       
938.9594 614.14 68       
938.7006 615.106 68       
938.4418 616.0719 68       
891.3367 791.8704 68       
891.0779 792.8363 68       
890.819 793.8022 68       
890.5602 794.7682 68       
890.3014 795.7341 68       
890.0426 796.7 68       
889.7838 797.666 68       
889.525 798.6318 68       
889.2661 799.5978 68       
805.1499 1113.524 68       
804.8911 1114.49 68       
804.6323 1115.456 68       
804.3735 1116.422 68       
804.1146 1117.387 68       
803.8558 1118.353 68       
803.597 1119.319 68       
803.3382 1120.285 68       
803.0793 1121.251 68       
802.8206 1122.217 68       
802.5618 1123.183 68       
802.3029 1124.149 68       
802.0441 1125.115 68       
801.7853 1126.081 68       
801.5265 1127.047 68       
801.2677 1128.013 68       
801.0089 1128.979 68       
800.75 1129.944 68       
939.2182 613.1741 69       
938.9594 614.14 69       
938.7006 615.106 69       
938.4418 616.0719 69       
892.1132 788.9726 69       
891.8543 789.9385 69       
891.5955 790.9045 69       
891.3367 791.8704 69       
891.0779 792.8363 69       
890.819 793.8022 69       
890.5602 794.7682 69       
890.3014 795.7341 69       
890.0426 796.7 69       
889.7838 797.666 69       
802.8206 1122.217 69       
802.5618 1123.183 69       
802.3029 1124.149 69       
802.0441 1125.115 69       
801.7853 1126.081 69       
801.5265 1127.047 69       
801.2677 1128.013 69       
801.0089 1128.979 69       
800.75 1129.944 69       
800.4912 1130.91 69       
800.2324 1131.876 69       
799.9736 1132.842 69       
799.7147 1133.808 69       
799.4559 1134.774 69       
799.1971 1135.74 69       
938.9594 614.14 70       
938.7006 615.106 70       
938.4418 616.0719 70       
892.8896 786.0748 70       
892.6308 787.0408 70       
892.3719 788.0067 70       
892.1132 788.9726 70       
891.8543 789.9385 70       
891.5955 790.9045 70       
891.3367 791.8704 70       
891.0779 792.8363 70       
890.819 793.8022 70       
890.5602 794.7682 70       
801.7853 1126.081 70       
801.5265 1127.047 70       
801.2677 1128.013 70       
801.0089 1128.979 70       
800.75 1129.944 70       
800.4912 1130.91 70       
800.2324 1131.876 70       
799.9736 1132.842 70       
799.7147 1133.808 70       
799.4559 1134.774 70       
799.1971 1135.74 70       
798.9383 1136.706 70       
798.6794 1137.672 70       
798.4207 1138.638 70       
798.1619 1139.604 70       
797.903 1140.57 70       
938.7006 615.106 71       
938.4418 616.0719 71       
893.6661 783.1771 71       
893.4072 784.1429 71       
893.1484 785.1089 71       
892.8896 786.0748 71       
892.6308 787.0408 71       
892.3719 788.0067 71       
892.1132 788.9726 71       
891.8543 789.9385 71       
891.5955 790.9045 71       
891.3367 791.8704 71       
891.0779 792.8363 71       
800.4912 1130.91 71       
800.2324 1131.876 71       
799.9736 1132.842 71       
799.7147 1133.808 71       
799.4559 1134.774 71       
799.1971 1135.74 71       
798.9383 1136.706 71       
798.6794 1137.672 71       
798.4207 1138.638 71       
798.1619 1139.604 71       
797.903 1140.57 71       
797.6442 1141.536 71       
797.3854 1142.501 71       
797.1266 1143.467 71       
796.8677 1144.433 71       
938.7006 615.106 72       
938.4418 616.0719 72       
938.1829 617.0378 72       
894.1837 781.2452 72       
893.9249 782.2111 72       
893.6661 783.1771 72       
893.4072 784.1429 72       
893.1484 785.1089 72       
892.8896 786.0748 72       
892.6308 787.0408 72       
892.3719 788.0067 72       
892.1132 788.9726 72       
891.8543 789.9385 72       
891.5955 790.9045 72       
799.4559 1134.774 72       
799.1971 1135.74 72       
798.9383 1136.706 72       
798.6794 1137.672 72       
798.4207 1138.638 72       
798.1619 1139.604 72       
797.903 1140.57 72       
797.6442 1141.536 72       
797.3854 1142.501 72       
797.1266 1143.467 72       
796.8677 1144.433 72       
796.6089 1145.399 72       
796.3501 1146.365 72       
796.0913 1147.331 72       
938.4418 616.0719 73       
938.1829 617.0378 73       
894.9601 778.3474 73       
894.7013 779.3134 73       
894.4425 780.2793 73       
894.1837 781.2452 73       
893.9249 782.2111 73       
893.6661 783.1771 73       
893.4072 784.1429 73       
893.1484 785.1089 73       
892.8896 786.0748 73       
797.3854 1142.501 73       
797.1266 1143.467 73       
796.8677 1144.433 73       
796.6089 1145.399 73       
796.3501 1146.365 73       
796.0913 1147.331 73       
795.8325 1148.297 73       
795.5736 1149.263 73       
795.3148 1150.229 73       
938.4418 616.0719 74       
938.1829 617.0378 74       
937.9241 618.0037 74       
895.7366 775.4496 74       
895.4778 776.4156 74       
895.219 777.3815 74       
894.9601 778.3474 74       
894.7013 779.3134 74       
894.4425 780.2793 74       
894.1837 781.2452 74       
893.9249 782.2111 74       
893.6661 783.1771 74       
893.4072 784.1429 74       
893.1484 785.1089 74       
796.8677 1144.433 74       
796.6089 1145.399 74       
796.3501 1146.365 74       
796.0913 1147.331 74       
795.8325 1148.297 74       
795.5736 1149.263 74       
795.3148 1150.229 74       
795.056 1151.195 74       
794.7972 1152.161 74       
938.1829 617.0378 75       
937.9241 618.0037 75       
896.5131 772.5519 75       
896.2543 773.5178 75       
895.9954 774.4837 75       
895.7366 775.4496 75       
895.4778 776.4156 75       
895.219 777.3815 75       
894.9601 778.3474 75       
894.7013 779.3134 75       
894.4425 780.2793 75       
894.1837 781.2452 75       
796.0913 1147.331 75       
795.8325 1148.297 75       
795.5736 1149.263 75       
795.3148 1150.229 75       
795.056 1151.195 75       
794.7972 1152.161 75       
938.1829 617.0378 76       
937.9241 618.0037 76       
897.2896 769.6541 76       
897.0307 770.62 76       
896.7719 771.5859 76       
896.5131 772.5519 76       
896.2543 773.5178 76       
895.9954 774.4837 76       
895.7366 775.4496 76       
895.4778 776.4156 76       
895.219 777.3815 76       
894.9601 778.3474 76       
795.3148 1150.229 76       
795.056 1151.195 76       
794.7972 1152.161 76       
937.9241 618.0037 77       
937.6653 618.9697 77       
898.066 766.7563 77       
897.8071 767.7222 77       
897.5483 768.6882 77       
897.2896 769.6541 77       
897.0307 770.62 77       
896.7719 771.5859 77       
896.5131 772.5519 77       
896.2543 773.5178 77       
895.9954 774.4837 77       
794.7972 1152.161 77       
937.9241 618.0037 78       
937.6653 618.9697 78       
937.4065 619.9356 78       
899.1013 762.8926 78       
898.8424 763.8585 78       
898.5836 764.8245 78       
898.3248 765.7904 78       
898.066 766.7563 78       
897.8071 767.7222 78       
897.5483 768.6882 78       
897.2896 769.6541 78       
897.0307 770.62 78       
896.7719 771.5859 78       
937.6653 618.9697 79       
937.4065 619.9356 79       
900.1365 759.0289 79       
899.8777 759.9948 79       
899.6189 760.9608 79       
899.3601 761.9267 79       
899.1013 762.8926 79       
898.8424 763.8585 79       
898.5836 764.8245 79       
898.3248 765.7904 79       
898.066 766.7563 79       
897.8071 767.7222 79       
937.6653 618.9697 80       
937.4065 619.9356 80       
937.1476 620.9015 80       
900.913 756.1311 80       
900.6542 757.097 80       
900.3954 758.063 80       
900.1365 759.0289 80       
899.8777 759.9948 80       
899.6189 760.9608 80       
899.3601 761.9267 80       
899.1013 762.8926 80       
898.8424 763.8585 80       
898.5836 764.8245 80       
898.3248 765.7904 80       
898.066 766.7563 80       
937.4065 619.9356 81       
937.1476 620.9015 81       
901.9482 752.2674 81       
901.6895 753.2333 81       
901.4307 754.1993 81       
901.1718 755.1652 81       
900.913 756.1311 81       
900.6542 757.097 81       
900.3954 758.063 81       
900.1365 759.0289 81       
899.8777 759.9948 81       
899.6189 760.9608 81       
899.3601 761.9267 81       
899.1013 762.8926 81       
937.1476 620.9015 82       
936.8889 621.8674 82       
902.7247 749.3696 82       
902.4659 750.3356 82       
902.2071 751.3015 82       
901.9482 752.2674 82       
901.6895 753.2333 82       
901.4307 754.1993 82       
901.1718 755.1652 82       
900.913 756.1311 82       
900.6542 757.097 82       
900.3954 758.063 82       
900.1365 759.0289 82       
899.8777 759.9948 82       
936.8889 621.8674 83       
936.63 622.8334 83       
903.76 745.5059 83       
903.5012 746.4719 83       
903.2424 747.4378 83       
902.9835 748.4037 83       
902.7247 749.3696 83       
902.4659 750.3356 83       
902.2071 751.3015 83       
901.9482 752.2674 83       
901.6895 753.2333 83       
901.4307 754.1993 83       
901.1718 755.1652 83       
900.913 756.1311 83       
900.6542 757.097 83       
936.8889 621.8674 84       
936.63 622.8334 84       
936.3712 623.7993 84       
904.7953 741.6422 84       
904.5364 742.6082 84       
904.2776 743.5741 84       
904.0188 744.54 84       
903.76 745.5059 84       
903.5012 746.4719 84       
903.2424 747.4378 84       
902.9835 748.4037 84       
902.7247 749.3696 84       
902.4659 750.3356 84       
902.2071 751.3015 84       
901.9482 752.2674 84       
901.6895 753.2333 84       
901.4307 754.1993 84       
936.63 622.8334 85       
936.3712 623.7993 85       
905.5717 738.7444 85       
905.3129 739.7104 85       
905.0541 740.6763 85       
904.7953 741.6422 85       
904.5364 742.6082 85       
904.2776 743.5741 85       
904.0188 744.54 85       
903.76 745.5059 85       
903.5012 746.4719 85       
903.2424 747.4378 85       
902.9835 748.4037 85       
902.7247 749.3696 85       
936.63 622.8334 86       
936.3712 623.7993 86       
936.1124 624.7652 86       
906.8658 733.9149 86       
906.607 734.8807 86       
906.3482 735.8467 86       
906.0894 736.8126 86       
905.8306 737.7786 86       
905.5717 738.7444 86       
905.3129 739.7104 86       
905.0541 740.6763 86       
904.7953 741.6422 86       
904.5364 742.6082 86       
904.2776 743.5741 86       
904.0188 744.54 86       
903.76 745.5059 86       
903.5012 746.4719 86       
903.2424 747.4378 86       
936.3712 623.7993 87       
936.1124 624.7652 87       
935.8536 625.7311 87       
908.6776 727.1534 87       
908.4188 728.1193 87       
908.1599 729.0852 87       
907.9011 730.0511 87       
907.6423 731.017 87       
907.3835 731.983 87       
907.1246 732.9489 87       
906.8658 733.9149 87       
906.607 734.8807 87       
906.3482 735.8467 87       
906.0894 736.8126 87       
905.8306 737.7786 87       
905.5717 738.7444 87       
905.3129 739.7104 87       
905.0541 740.6763 87       
904.7953 741.6422 87       
904.5364 742.6082 87       
904.2776 743.5741 87       
904.0188 744.54 87       
936.1124 624.7652 88       
935.8536 625.7311 88       
935.5947 626.6971 88       
908.6776 727.1534 88       
908.4188 728.1193 88       
908.1599 729.0852 88       
907.9011 730.0511 88       
907.6423 731.017 88       
907.3835 731.983 88       
907.1246 732.9489 88       
906.8658 733.9149 88       
906.607 734.8807 88       
906.3482 735.8467 88       
906.0894 736.8126 88       
905.8306 737.7786 88       
905.5717 738.7444 88       
905.3129 739.7104 88       
905.0541 740.6763 88       
935.8536 625.7311 89       
935.5947 626.6971 89       
935.3359 627.663 89       
908.6776 727.1534 89       
908.4188 728.1193 89       
908.1599 729.0852 89       
907.9011 730.0511 89       
907.6423 731.017 89       
907.3835 731.983 89       
907.1246 732.9489 89       
906.8658 733.9149 89       
906.607 734.8807 89       
935.5947 626.6971 90       
935.3359 627.663 90       
935.0771 628.6289 90       
908.9364 726.1874 90       
908.6776 727.1534 90       
908.4188 728.1193 90       
908.1599 729.0852 90       
907.9011 730.0511 90       
907.6423 731.017 90       
907.3835 731.983 90       
935.0771 628.6289 91       
934.8183 629.5948 91       
934.5594 630.5608 91       
909.454 724.2556 91       
909.1952 725.2215 91       
908.9364 726.1874 91       
908.6776 727.1534 91       
908.4188 728.1193 91       
908.1599 729.0852 91       
907.9011 730.0511 91       
934.8183 629.5948 92       
934.5594 630.5608 92       
934.3007 631.5267 92       
909.7128 723.2897 92       
909.454 724.2556 92       
909.1952 725.2215 92       
908.9364 726.1874 92       
908.6776 727.1534 92       
908.4188 728.1193 92       
908.1599 729.0852 92       
934.5594 630.5608 93       
934.3007 631.5267 93       
934.0418 632.4926 93       
933.783 633.4586 93       
910.2305 721.3578 93       
909.9717 722.3237 93       
909.7128 723.2897 93       
909.454 724.2556 93       
909.1952 725.2215 93       
908.9364 726.1874 93       
908.6776 727.1534 93       
934.3007 631.5267 94       
934.0418 632.4926 94       
933.783 633.4586 94       
933.5242 634.4245 94       
933.2654 635.3904 94       
910.4893 720.3918 94       
910.2305 721.3578 94       
909.9717 722.3237 94       
909.7128 723.2897 94       
909.454 724.2556 94       
909.1952 725.2215 94       
908.9364 726.1874 94       
934.0418 632.4926 95       
933.783 633.4586 95       
933.5242 634.4245 95       
933.2654 635.3904 95       
933.0065 636.3563 95       
911.007 718.46 95       
910.7481 719.426 95       
910.4893 720.3918 95       
910.2305 721.3578 95       
909.9717 722.3237 95       
909.7128 723.2897 95       
909.454 724.2556 95       
933.783 633.4586 96       
933.5242 634.4245 96       
933.2654 635.3904 96       
933.0065 636.3563 96       
932.7477 637.3223 96       
932.4889 638.2881 96       
911.7834 715.5623 96       
911.5245 716.5281 96       
911.2657 717.4941 96       
911.007 718.46 96       
910.7481 719.426 96       
910.4893 720.3918 96       
910.2305 721.3578 96       
933.2654 635.3904 97       
933.0065 636.3563 97       
932.7477 637.3223 97       
932.4889 638.2881 97       
932.2301 639.2541 97       
931.9713 640.22 97       
931.7125 641.186 97       
912.301 713.6304 97       
912.0422 714.5963 97       
911.7834 715.5623 97       
911.5245 716.5281 97       
911.2657 717.4941 97       
911.007 718.46 97       
910.7481 719.426 97       
910.4893 720.3918 97       
932.7477 637.3223 98       
932.4889 638.2881 98       
932.2301 639.2541 98       
931.9713 640.22 98       
931.7125 641.186 98       
931.4536 642.1519 98       
931.1948 643.1178 98       
922.6538 674.9933 98       
922.395 675.9593 98       
922.1362 676.9252 98       
921.8773 677.8911 98       
921.6185 678.8571 98       
913.3363 709.7667 98       
913.0775 710.7326 98       
912.8187 711.6985 98       
912.5598 712.6645 98       
912.301 713.6304 98       
912.0422 714.5963 98       
911.7834 715.5623 98       
911.5245 716.5281 98       
911.2657 717.4941 98       
932.2301 639.2541 99       
931.9713 640.22 99       
931.7125 641.186 99       
931.4536 642.1519 99       
931.1948 643.1178 99       
930.936 644.0837 99       
930.6772 645.0497 99       
930.4183 646.0156 99       
930.1595 646.9815 99       
924.2067 669.1978 99       
923.9479 670.1638 99       
923.6891 671.1296 99       
923.4302 672.0956 99       
923.1714 673.0615 99       
922.9126 674.0274 99       
922.6538 674.9933 99       
922.395 675.9593 99       
922.1362 676.9252 99       
921.8773 677.8911 99       
921.6185 678.8571 99       
921.3597 679.823 99       
921.1009 680.7889 99       
920.842 681.7548 99       
920.5833 682.7208 99       
914.8892 703.9711 99       
914.6304 704.9371 99       
914.3716 705.903 99       
914.1128 706.8689 99       
913.8539 707.8348 99       
913.5951 708.8008 99       
913.3363 709.7667 99       
913.0775 710.7326 99       
912.8187 711.6985 99       
912.5598 712.6645 99       
912.301 713.6304 99       
931.1948 643.1178 100       
930.936 644.0837 100       
930.6772 645.0497 100       
930.4183 646.0156 100       
930.1595 646.9815 100       
929.9008 647.9474 100       
929.6419 648.9133 100       
929.3831 649.8793 100       
929.1243 650.8452 100       
928.8655 651.8112 100       
926.2772 661.4704 100       
926.0184 662.4363 100       
925.7596 663.4022 100       
925.5008 664.3682 100       
925.2419 665.3341 100       
924.9832 666.3 100       
924.7244 667.2659 100       
924.4655 668.2319 100       
924.2067 669.1978 100       
923.9479 670.1638 100       
923.6891 671.1296 100       
923.4302 672.0956 100       
923.1714 673.0615 100       
922.9126 674.0274 100       
922.6538 674.9933 100       
922.395 675.9593 100       
922.1362 676.9252 100       
921.8773 677.8911 100       
921.6185 678.8571 100       
921.3597 679.823 100       
921.1009 680.7889 100       
920.842 681.7548 100       
920.5833 682.7208 100       
920.3244 683.6867 100       
920.0656 684.6526 100       
919.8068 685.6185 100       
919.548 686.5845 100       
919.2891 687.5504 100       
919.0303 688.5163 100       
918.7715 689.4822 100       
918.5127 690.4482 100       
918.2538 691.4141 100       
917.4774 694.3119 100       
917.2186 695.2778 100       
916.9598 696.2437 100       
916.7009 697.2097 100       
916.4421 698.1756 100       
916.1833 699.1415 100       
915.9245 700.1074 100       
915.6656 701.0734 100       
915.4069 702.0393 100       
915.1481 703.0052 100       
914.8892 703.9711 100       
914.6304 704.9371 100       
914.3716 705.903 100       
914.1128 706.8689 100       
913.8539 707.8348 100       
913.5951 708.8008 100       
913.3363 709.7667 100       
913.0775 710.7326 100       
912.8187 711.6985 100       
930.6772 645.0497 101       
930.4183 646.0156 101       
930.1595 646.9815 101       
929.9008 647.9474 101       
929.6419 648.9133 101       
929.3831 649.8793 101       
929.1243 650.8452 101       
928.8655 651.8112 101       
928.6066 652.777 101       
928.3478 653.743 101       
928.089 654.7089 101       
927.8302 655.6749 101       
927.5714 656.6407 101       
927.3125 657.6067 101       
927.0537 658.5726 101       
926.7949 659.5386 101       
926.5361 660.5045 101       
926.2772 661.4704 101       
926.0184 662.4363 101       
925.7596 663.4022 101       
925.5008 664.3682 101       
925.2419 665.3341 101       
924.9832 666.3 101       
924.7244 667.2659 101       
924.4655 668.2319 101       
924.2067 669.1978 101       
921.1009 680.7889 101       
920.842 681.7548 101       
920.5833 682.7208 101       
920.3244 683.6867 101       
920.0656 684.6526 101       
919.8068 685.6185 101       
919.548 686.5845 101       
919.2891 687.5504 101       
919.0303 688.5163 101       
918.7715 689.4822 101       
918.5127 690.4482 101       
918.2538 691.4141 101       
917.9951 692.38 101       
917.7362 693.3459 101       
917.4774 694.3119 101       
917.2186 695.2778 101       
916.9598 696.2437 101       
916.7009 697.2097 101       
916.4421 698.1756 101       
916.1833 699.1415 101       
915.9245 700.1074 101       
915.6656 701.0734 101       
915.4069 702.0393 101       
915.1481 703.0052 101       
914.8892 703.9711 101       
914.6304 704.9371 101       
914.3716 705.903 101       
914.1128 706.8689 101       
913.8539 707.8348 101       
913.5951 708.8008 101       
930.1595 646.9815 102       
929.9008 647.9474 102       
929.6419 648.9133 102       
929.3831 649.8793 102       
929.1243 650.8452 102       
928.8655 651.8112 102       
928.6066 652.777 102       
928.3478 653.743 102       
928.089 654.7089 102       
927.8302 655.6749 102       
927.5714 656.6407 102       
927.3125 657.6067 102       
927.0537 658.5726 102       
926.7949 659.5386 102       
926.5361 660.5045 102       
926.2772 661.4704 102       
926.0184 662.4363 102       
925.7596 663.4022 102       
925.5008 664.3682 102       
925.2419 665.3341 102       
924.9832 666.3 102       
924.7244 667.2659 102       
920.5833 682.7208 102       
920.3244 683.6867 102       
920.0656 684.6526 102       
919.8068 685.6185 102       
919.548 686.5845 102       
919.2891 687.5504 102       
919.0303 688.5163 102       
918.7715 689.4822 102       
918.5127 690.4482 102       
918.2538 691.4141 102       
917.9951 692.38 102       
917.7362 693.3459 102       
917.4774 694.3119 102       
917.2186 695.2778 102       
916.9598 696.2437 102       
916.7009 697.2097 102       
916.4421 698.1756 102       
916.1833 699.1415 102       
915.9245 700.1074 102       
915.6656 701.0734 102       
915.4069 702.0393 102       
915.1481 703.0052 102       
914.8892 703.9711 102       
929.1243 650.8452 103       
928.8655 651.8112 103       
927.5714 656.6407 103       
927.3125 657.6067 103       
927.0537 658.5726 103       
919.2891 687.5504 103       
919.0303 688.5163 103       
918.7715 689.4822 103       
918.5127 690.4482 103       
918.2538 691.4141 103       
917.9951 692.38 103       
917.7362 693.3459 103       
917.4774 694.3119 103       
917.2186 695.2778 103       
916.9598 696.2437 103       
917.9951 692.38 104       
917.7362 693.3459 104       
917.4774 694.3119 104       
