857.1726 919.3726 -89       
856.9138 920.3385 -89       
856.6549 921.3044 -89       
856.3961 922.2704 -89       
856.1373 923.2363 -89       
857.949 916.4749 -88       
857.6902 917.4407 -88       
857.4314 918.4067 -88       
857.1726 919.3726 -88       
856.9138 920.3385 -88       
856.6549 921.3044 -88       
856.3961 922.2704 -88       
856.1373 923.2363 -88       
855.8785 924.2021 -88       
855.6196 925.1682 -88       
855.3608 926.134 -88       
855.1021 927.1 -88       
854.8432 928.0659 -88       
854.5844 929.0319 -88       
854.3256 929.9978 -88       
854.0668 930.9636 -88       
859.2431 911.6453 -87       
858.9843 912.6111 -87       
858.7255 913.577 -87       
858.4667 914.543 -87       
858.2078 915.5089 -87       
857.949 916.4749 -87       
857.6902 917.4407 -87       
857.4314 918.4067 -87       
857.1726 919.3726 -87       
856.9138 920.3385 -87       
856.6549 921.3044 -87       
856.3961 922.2704 -87       
856.1373 923.2363 -87       
855.8785 924.2021 -87       
855.6196 925.1682 -87       
855.3608 926.134 -87       
855.1021 927.1 -87       
854.8432 928.0659 -87       
854.5844 929.0319 -87       
854.3256 929.9978 -87       
854.0668 930.9636 -87       
853.8079 931.9297 -87       
853.5491 932.8955 -87       
853.2903 933.8615 -87       
860.796 905.8496 -86       
860.5372 906.8156 -86       
860.2784 907.7815 -86       
860.0196 908.7473 -86       
859.7607 909.7134 -86       
859.502 910.6792 -86       
859.2431 911.6453 -86       
858.9843 912.6111 -86       
858.7255 913.577 -86       
858.4667 914.543 -86       
858.2078 915.5089 -86       
857.949 916.4749 -86       
857.6902 917.4407 -86       
857.4314 918.4067 -86       
857.1726 919.3726 -86       
856.9138 920.3385 -86       
856.6549 921.3044 -86       
856.3961 922.2704 -86       
856.1373 923.2363 -86       
855.8785 924.2021 -86       
855.6196 925.1682 -86       
855.3608 926.134 -86       
855.1021 927.1 -86       
854.8432 928.0659 -86       
854.5844 929.0319 -86       
854.3256 929.9978 -86       
854.0668 930.9636 -86       
853.8079 931.9297 -86       
853.5491 932.8955 -86       
853.2903 933.8615 -86       
853.0315 934.8274 -86       
852.7726 935.7933 -86       
852.5138 936.7593 -86       
852.255 937.7251 -86       
851.9962 938.6912 -86       
867.2665 881.7014 -85       
867.0077 882.6675 -85       
866.7489 883.6333 -85       
866.4901 884.5992 -85       
866.2312 885.5652 -85       
865.9724 886.5311 -85       
865.7136 887.4971 -85       
865.4548 888.4629 -85       
865.1959 889.429 -85       
864.9371 890.3948 -85       
864.6783 891.3607 -85       
864.4195 892.3267 -85       
864.1607 893.2926 -85       
863.9019 894.2585 -85       
863.6431 895.2244 -85       
863.3842 896.1904 -85       
863.1254 897.1562 -85       
862.8666 898.1222 -85       
862.6078 899.0881 -85       
862.3489 900.0541 -85       
862.0901 901.02 -85       
861.8313 901.9858 -85       
861.5725 902.9519 -85       
861.3137 903.9177 -85       
861.0549 904.8838 -85       
860.796 905.8496 -85       
860.5372 906.8156 -85       
860.2784 907.7815 -85       
860.0196 908.7473 -85       
859.7607 909.7134 -85       
859.502 910.6792 -85       
859.2431 911.6453 -85       
858.9843 912.6111 -85       
858.7255 913.577 -85       
858.4667 914.543 -85       
858.2078 915.5089 -85       
857.949 916.4749 -85       
857.6902 917.4407 -85       
857.4314 918.4067 -85       
854.5844 929.0319 -85       
854.3256 929.9978 -85       
854.0668 930.9636 -85       
853.8079 931.9297 -85       
853.5491 932.8955 -85       
853.2903 933.8615 -85       
853.0315 934.8274 -85       
852.7726 935.7933 -85       
852.5138 936.7593 -85       
852.255 937.7251 -85       
851.9962 938.6912 -85       
851.7374 939.657 -85       
851.4785 940.623 -85       
851.2197 941.5889 -85       
869.8547 872.0422 -84       
869.5959 873.0082 -84       
869.337 873.9741 -84       
869.0782 874.9399 -84       
868.8195 875.906 -84       
868.5606 876.8718 -84       
868.3018 877.8378 -84       
868.043 878.8037 -84       
867.7842 879.7697 -84       
867.5253 880.7356 -84       
867.2665 881.7014 -84       
867.0077 882.6675 -84       
866.7489 883.6333 -84       
866.4901 884.5992 -84       
866.2312 885.5652 -84       
865.9724 886.5311 -84       
865.7136 887.4971 -84       
865.4548 888.4629 -84       
865.1959 889.429 -84       
864.9371 890.3948 -84       
864.6783 891.3607 -84       
864.4195 892.3267 -84       
864.1607 893.2926 -84       
863.9019 894.2585 -84       
863.6431 895.2244 -84       
863.3842 896.1904 -84       
863.1254 897.1562 -84       
862.8666 898.1222 -84       
862.6078 899.0881 -84       
862.3489 900.0541 -84       
862.0901 901.02 -84       
861.8313 901.9858 -84       
861.5725 902.9519 -84       
861.3137 903.9177 -84       
861.0549 904.8838 -84       
860.796 905.8496 -84       
860.5372 906.8156 -84       
860.2784 907.7815 -84       
860.0196 908.7473 -84       
859.7607 909.7134 -84       
859.502 910.6792 -84       
859.2431 911.6453 -84       
853.2903 933.8615 -84       
853.0315 934.8274 -84       
852.7726 935.7933 -84       
852.5138 936.7593 -84       
852.255 937.7251 -84       
851.9962 938.6912 -84       
851.7374 939.657 -84       
851.4785 940.623 -84       
851.2197 941.5889 -84       
850.9609 942.5548 -84       
872.4429 862.3829 -83       
872.1841 863.3489 -83       
871.9253 864.3148 -83       
871.6664 865.2808 -83       
871.4076 866.2466 -83       
871.1488 867.2126 -83       
870.89 868.1785 -83       
870.6312 869.1445 -83       
870.3723 870.1104 -83       
870.1135 871.0763 -83       
869.8547 872.0422 -83       
869.5959 873.0082 -83       
869.337 873.9741 -83       
869.0782 874.9399 -83       
868.8195 875.906 -83       
868.5606 876.8718 -83       
868.3018 877.8378 -83       
868.043 878.8037 -83       
867.7842 879.7697 -83       
867.5253 880.7356 -83       
867.2665 881.7014 -83       
867.0077 882.6675 -83       
866.7489 883.6333 -83       
866.4901 884.5992 -83       
866.2312 885.5652 -83       
865.9724 886.5311 -83       
865.7136 887.4971 -83       
865.4548 888.4629 -83       
865.1959 889.429 -83       
864.9371 890.3948 -83       
852.7726 935.7933 -83       
852.5138 936.7593 -83       
852.255 937.7251 -83       
851.9962 938.6912 -83       
851.7374 939.657 -83       
851.4785 940.623 -83       
851.2197 941.5889 -83       
850.9609 942.5548 -83       
850.7021 943.5208 -83       
850.4432 944.4866 -83       
873.737 857.5533 -82       
873.4781 858.5193 -82       
873.2194 859.4851 -82       
872.9605 860.4512 -82       
872.7017 861.417 -82       
872.4429 862.3829 -82       
872.1841 863.3489 -82       
871.9253 864.3148 -82       
871.6664 865.2808 -82       
871.4076 866.2466 -82       
871.1488 867.2126 -82       
870.89 868.1785 -82       
870.6312 869.1445 -82       
870.3723 870.1104 -82       
870.1135 871.0763 -82       
869.8547 872.0422 -82       
869.5959 873.0082 -82       
869.337 873.9741 -82       
869.0782 874.9399 -82       
868.8195 875.906 -82       
868.5606 876.8718 -82       
868.3018 877.8378 -82       
868.043 878.8037 -82       
867.7842 879.7697 -82       
867.5253 880.7356 -82       
867.2665 881.7014 -82       
867.0077 882.6675 -82       
852.5138 936.7593 -82       
852.255 937.7251 -82       
851.9962 938.6912 -82       
851.4785 940.623 -82       
851.2197 941.5889 -82       
850.9609 942.5548 -82       
850.7021 943.5208 -82       
850.4432 944.4866 -82       
850.1844 945.4526 -82       
849.9257 946.4185 -82       
875.5487 850.7919 -81       
875.2899 851.7578 -81       
875.0311 852.7236 -81       
874.7723 853.6897 -81       
874.5134 854.6555 -81       
874.2546 855.6215 -81       
873.9958 856.5874 -81       
873.737 857.5533 -81       
873.4781 858.5193 -81       
873.2194 859.4851 -81       
872.9605 860.4512 -81       
872.7017 861.417 -81       
872.4429 862.3829 -81       
872.1841 863.3489 -81       
871.9253 864.3148 -81       
871.6664 865.2808 -81       
871.4076 866.2466 -81       
871.1488 867.2126 -81       
870.89 868.1785 -81       
870.6312 869.1445 -81       
870.3723 870.1104 -81       
870.1135 871.0763 -81       
850.9609 942.5548 -81       
850.7021 943.5208 -81       
850.4432 944.4866 -81       
850.1844 945.4526 -81       
849.9257 946.4185 -81       
849.6668 947.3845 -81       
877.3605 844.0304 -80       
877.1016 844.9963 -80       
876.8428 845.9622 -80       
876.584 846.9282 -80       
876.3252 847.894 -80       
876.0663 848.86 -80       
875.8076 849.8259 -80       
875.5487 850.7919 -80       
875.2899 851.7578 -80       
875.0311 852.7236 -80       
874.7723 853.6897 -80       
874.5134 854.6555 -80       
874.2546 855.6215 -80       
873.9958 856.5874 -80       
873.737 857.5533 -80       
873.4781 858.5193 -80       
873.2194 859.4851 -80       
872.9605 860.4512 -80       
872.7017 861.417 -80       
872.4429 862.3829 -80       
872.1841 863.3489 -80       
871.9253 864.3148 -80       
871.6664 865.2808 -80       
871.4076 866.2466 -80       
850.4432 944.4866 -80       
850.1844 945.4526 -80       
849.9257 946.4185 -80       
849.6668 947.3845 -80       
849.408 948.3503 -80       
849.1492 949.3163 -80       
878.6545 839.2007 -79       
878.3958 840.1667 -79       
878.1369 841.1326 -79       
877.8781 842.0985 -79       
877.6193 843.0645 -79       
877.3605 844.0304 -79       
877.1016 844.9963 -79       
876.8428 845.9622 -79       
876.584 846.9282 -79       
876.3252 847.894 -79       
876.0663 848.86 -79       
875.8076 849.8259 -79       
875.5487 850.7919 -79       
875.2899 851.7578 -79       
875.0311 852.7236 -79       
874.7723 853.6897 -79       
874.5134 854.6555 -79       
874.2546 855.6215 -79       
873.9958 856.5874 -79       
873.737 857.5533 -79       
873.4781 858.5193 -79       
849.6668 947.3845 -79       
849.408 948.3503 -79       
849.1492 949.3163 -79       
848.8904 950.2822 -79       
848.6315 951.2482 -79       
880.9839 830.5074 -78       
880.7251 831.4733 -78       
880.4663 832.4393 -78       
880.2075 833.4052 -78       
879.9486 834.3711 -78       
879.6898 835.337 -78       
879.431 836.303 -78       
879.1722 837.2689 -78       
878.9134 838.2348 -78       
878.6545 839.2007 -78       
878.3958 840.1667 -78       
878.1369 841.1326 -78       
877.8781 842.0985 -78       
877.6193 843.0645 -78       
877.3605 844.0304 -78       
877.1016 844.9963 -78       
876.8428 845.9622 -78       
876.584 846.9282 -78       
876.3252 847.894 -78       
876.0663 848.86 -78       
875.8076 849.8259 -78       
875.5487 850.7919 -78       
849.408 948.3503 -78       
849.1492 949.3163 -78       
848.8904 950.2822 -78       
848.6315 951.2482 -78       
848.3727 952.2141 -78       
882.7957 823.7459 -77       
882.5369 824.7119 -77       
882.278 825.6778 -77       
882.0192 826.6437 -77       
881.7604 827.6096 -77       
881.5016 828.5756 -77       
881.2427 829.5415 -77       
880.9839 830.5074 -77       
880.7251 831.4733 -77       
880.4663 832.4393 -77       
880.2075 833.4052 -77       
879.9486 834.3711 -77       
879.6898 835.337 -77       
879.431 836.303 -77       
879.1722 837.2689 -77       
878.9134 838.2348 -77       
878.6545 839.2007 -77       
878.3958 840.1667 -77       
878.1369 841.1326 -77       
877.8781 842.0985 -77       
877.6193 843.0645 -77       
849.1492 949.3163 -77       
848.8904 950.2822 -77       
848.6315 951.2482 -77       
848.3727 952.2141 -77       
848.1139 953.1799 -77       
847.8551 954.146 -77       
884.0897 818.9163 -76       
883.8309 819.8822 -76       
883.5721 820.8481 -76       
883.3133 821.8141 -76       
883.0544 822.78 -76       
882.7957 823.7459 -76       
882.5369 824.7119 -76       
882.278 825.6778 -76       
882.0192 826.6437 -76       
881.7604 827.6096 -76       
881.5016 828.5756 -76       
881.2427 829.5415 -76       
880.9839 830.5074 -76       
880.7251 831.4733 -76       
880.4663 832.4393 -76       
880.2075 833.4052 -76       
879.9486 834.3711 -76       
879.6898 835.337 -76       
879.431 836.303 -76       
848.8904 950.2822 -76       
848.6315 951.2482 -76       
848.3727 952.2141 -76       
848.1139 953.1799 -76       
847.8551 954.146 -76       
847.5963 955.1118 -76       
847.3375 956.0778 -76       
885.125 815.0526 -75       
884.8662 816.0186 -75       
884.6074 816.9844 -75       
884.3486 817.9504 -75       
884.0897 818.9163 -75       
883.8309 819.8822 -75       
883.5721 820.8481 -75       
883.3133 821.8141 -75       
883.0544 822.78 -75       
882.7957 823.7459 -75       
882.5369 824.7119 -75       
882.278 825.6778 -75       
882.0192 826.6437 -75       
881.7604 827.6096 -75       
881.5016 828.5756 -75       
881.2427 829.5415 -75       
880.9839 830.5074 -75       
880.7251 831.4733 -75       
880.4663 832.4393 -75       
880.2075 833.4052 -75       
848.6315 951.2482 -75       
848.3727 952.2141 -75       
848.1139 953.1799 -75       
847.8551 954.146 -75       
847.5963 955.1118 -75       
847.3375 956.0778 -75       
847.0786 957.0437 -75       
846.8198 958.0096 -75       
846.561 958.9756 -75       
846.3022 959.9414 -75       
886.678 809.257 -74       
886.4191 810.223 -74       
886.1603 811.1889 -74       
885.9015 812.1548 -74       
885.6427 813.1207 -74       
885.3839 814.0867 -74       
885.125 815.0526 -74       
884.8662 816.0186 -74       
884.6074 816.9844 -74       
884.3486 817.9504 -74       
884.0897 818.9163 -74       
883.8309 819.8822 -74       
883.5721 820.8481 -74       
883.3133 821.8141 -74       
883.0544 822.78 -74       
882.7957 823.7459 -74       
882.5369 824.7119 -74       
848.1139 953.1799 -74       
847.8551 954.146 -74       
847.5963 955.1118 -74       
847.3375 956.0778 -74       
847.0786 957.0437 -74       
846.8198 958.0096 -74       
846.561 958.9756 -74       
846.3022 959.9414 -74       
846.0433 960.9075 -74       
845.7845 961.8733 -74       
845.5257 962.8392 -74       
845.2669 963.8052 -74       
887.972 804.4274 -73       
887.7132 805.3934 -73       
887.4544 806.3593 -73       
887.1956 807.3252 -73       
886.9368 808.2911 -73       
886.678 809.257 -73       
886.4191 810.223 -73       
886.1603 811.1889 -73       
885.9015 812.1548 -73       
885.6427 813.1207 -73       
885.3839 814.0867 -73       
885.125 815.0526 -73       
884.8662 816.0186 -73       
884.6074 816.9844 -73       
884.3486 817.9504 -73       
884.0897 818.9163 -73       
883.8309 819.8822 -73       
883.5721 820.8481 -73       
847.5963 955.1118 -73       
847.3375 956.0778 -73       
847.0786 957.0437 -73       
846.8198 958.0096 -73       
846.561 958.9756 -73       
846.3022 959.9414 -73       
846.0433 960.9075 -73       
845.7845 961.8733 -73       
845.5257 962.8392 -73       
845.2669 963.8052 -73       
845.0081 964.7711 -73       
844.7493 965.7371 -73       
844.4904 966.7029 -73       
844.2316 967.6689 -73       
843.9728 968.6348 -73       
889.525 798.6318 -72       
889.2661 799.5978 -72       
889.0073 800.5637 -72       
888.7485 801.5297 -72       
888.4897 802.4955 -72       
888.2308 803.4615 -72       
887.972 804.4274 -72       
887.7132 805.3934 -72       
887.4544 806.3593 -72       
887.1956 807.3252 -72       
886.9368 808.2911 -72       
886.678 809.257 -72       
886.4191 810.223 -72       
886.1603 811.1889 -72       
885.9015 812.1548 -72       
885.6427 813.1207 -72       
885.3839 814.0867 -72       
847.0786 957.0437 -72       
846.8198 958.0096 -72       
846.561 958.9756 -72       
846.3022 959.9414 -72       
846.0433 960.9075 -72       
845.7845 961.8733 -72       
845.5257 962.8392 -72       
845.2669 963.8052 -72       
845.0081 964.7711 -72       
844.7493 965.7371 -72       
844.4904 966.7029 -72       
844.2316 967.6689 -72       
843.9728 968.6348 -72       
843.714 969.6007 -72       
843.4551 970.5667 -72       
843.1964 971.5326 -72       
842.9375 972.4985 -72       
842.6787 973.4644 -72       
842.4199 974.4304 -72       
842.1611 975.3962 -72       
841.9022 976.3622 -72       
890.819 793.8022 -71       
890.5602 794.7682 -71       
890.3014 795.7341 -71       
890.0426 796.7 -71       
889.7838 797.666 -71       
889.525 798.6318 -71       
889.2661 799.5978 -71       
889.0073 800.5637 -71       
888.7485 801.5297 -71       
888.4897 802.4955 -71       
888.2308 803.4615 -71       
887.972 804.4274 -71       
887.7132 805.3934 -71       
887.4544 806.3593 -71       
887.1956 807.3252 -71       
886.9368 808.2911 -71       
886.678 809.257 -71       
845.2669 963.8052 -71       
845.0081 964.7711 -71       
844.7493 965.7371 -71       
844.4904 966.7029 -71       
844.2316 967.6689 -71       
843.9728 968.6348 -71       
843.714 969.6007 -71       
843.4551 970.5667 -71       
843.1964 971.5326 -71       
842.9375 972.4985 -71       
842.6787 973.4644 -71       
842.4199 974.4304 -71       
842.1611 975.3962 -71       
841.9022 976.3622 -71       
841.6434 977.3281 -71       
841.3846 978.2941 -71       
841.1258 979.26 -71       
840.8669 980.2258 -71       
840.6082 981.1919 -71       
840.3494 982.1577 -71       
840.0905 983.1238 -71       
839.8317 984.0896 -71       
891.8543 789.9385 -70       
891.5955 790.9045 -70       
891.3367 791.8704 -70       
891.0779 792.8363 -70       
890.819 793.8022 -70       
890.5602 794.7682 -70       
890.3014 795.7341 -70       
890.0426 796.7 -70       
889.7838 797.666 -70       
889.525 798.6318 -70       
889.2661 799.5978 -70       
889.0073 800.5637 -70       
888.7485 801.5297 -70       
888.4897 802.4955 -70       
888.2308 803.4615 -70       
843.714 969.6007 -70       
843.4551 970.5667 -70       
843.1964 971.5326 -70       
842.9375 972.4985 -70       
842.6787 973.4644 -70       
842.4199 974.4304 -70       
842.1611 975.3962 -70       
841.9022 976.3622 -70       
841.6434 977.3281 -70       
841.3846 978.2941 -70       
841.1258 979.26 -70       
840.8669 980.2258 -70       
840.6082 981.1919 -70       
840.3494 982.1577 -70       
840.0905 983.1238 -70       
839.8317 984.0896 -70       
839.5729 985.0555 -70       
839.3141 986.0215 -70       
839.0552 986.9873 -70       
838.7964 987.9534 -70       
893.4072 784.1429 -69       
893.1484 785.1089 -69       
892.8896 786.0748 -69       
892.6308 787.0408 -69       
892.3719 788.0067 -69       
892.1132 788.9726 -69       
891.8543 789.9385 -69       
891.5955 790.9045 -69       
891.3367 791.8704 -69       
891.0779 792.8363 -69       
890.819 793.8022 -69       
890.5602 794.7682 -69       
890.3014 795.7341 -69       
890.0426 796.7 -69       
889.7838 797.666 -69       
889.525 798.6318 -69       
889.2661 799.5978 -69       
841.9022 976.3622 -69       
841.6434 977.3281 -69       
841.3846 978.2941 -69       
841.1258 979.26 -69       
840.8669 980.2258 -69       
840.6082 981.1919 -69       
840.3494 982.1577 -69       
840.0905 983.1238 -69       
839.8317 984.0896 -69       
839.5729 985.0555 -69       
839.3141 986.0215 -69       
839.0552 986.9873 -69       
838.7964 987.9534 -69       
838.5376 988.9192 -69       
838.2788 989.8853 -69       
838.02 990.8511 -69       
837.7611 991.817 -69       
894.9601 778.3474 -68       
894.7013 779.3134 -68       
894.4425 780.2793 -68       
894.1837 781.2452 -68       
893.9249 782.2111 -68       
893.6661 783.1771 -68       
893.4072 784.1429 -68       
893.1484 785.1089 -68       
892.8896 786.0748 -68       
892.6308 787.0408 -68       
892.3719 788.0067 -68       
892.1132 788.9726 -68       
891.8543 789.9385 -68       
891.5955 790.9045 -68       
891.3367 791.8704 -68       
891.0779 792.8363 -68       
890.819 793.8022 -68       
890.5602 794.7682 -68       
890.3014 795.7341 -68       
840.3494 982.1577 -68       
840.0905 983.1238 -68       
839.8317 984.0896 -68       
839.5729 985.0555 -68       
839.3141 986.0215 -68       
839.0552 986.9873 -68       
838.7964 987.9534 -68       
838.5376 988.9192 -68       
838.2788 989.8853 -68       
838.02 990.8511 -68       
837.7611 991.817 -68       
837.5023 992.783 -68       
837.2435 993.7489 -68       
836.9847 994.7148 -68       
836.7258 995.6807 -68       
836.467 996.6467 -68       
836.2083 997.6125 -68       
896.2543 773.5178 -67       
895.9954 774.4837 -67       
895.7366 775.4496 -67       
895.4778 776.4156 -67       
895.219 777.3815 -67       
894.9601 778.3474 -67       
894.7013 779.3134 -67       
894.4425 780.2793 -67       
894.1837 781.2452 -67       
893.9249 782.2111 -67       
893.6661 783.1771 -67       
893.4072 784.1429 -67       
893.1484 785.1089 -67       
892.8896 786.0748 -67       
892.6308 787.0408 -67       
892.3719 788.0067 -67       
892.1132 788.9726 -67       
891.8543 789.9385 -67       
891.5955 790.9045 -67       
891.3367 791.8704 -67       
839.0552 986.9873 -67       
838.7964 987.9534 -67       
838.5376 988.9192 -67       
838.2788 989.8853 -67       
838.02 990.8511 -67       
837.7611 991.817 -67       
837.5023 992.783 -67       
837.2435 993.7489 -67       
836.9847 994.7148 -67       
836.7258 995.6807 -67       
836.467 996.6467 -67       
836.2083 997.6125 -67       
835.9494 998.5785 -67       
835.6906 999.5444 -67       
835.4318 1000.51 -67       
835.173 1001.476 -67       
834.9141 1002.442 -67       
897.2896 769.6541 -66       
897.0307 770.62 -66       
896.7719 771.5859 -66       
896.5131 772.5519 -66       
896.2543 773.5178 -66       
895.9954 774.4837 -66       
895.7366 775.4496 -66       
895.4778 776.4156 -66       
895.219 777.3815 -66       
894.9601 778.3474 -66       
894.7013 779.3134 -66       
894.4425 780.2793 -66       
894.1837 781.2452 -66       
893.9249 782.2111 -66       
893.6661 783.1771 -66       
893.4072 784.1429 -66       
893.1484 785.1089 -66       
892.8896 786.0748 -66       
892.6308 787.0408 -66       
838.02 990.8511 -66       
837.7611 991.817 -66       
837.5023 992.783 -66       
836.9847 994.7148 -66       
836.7258 995.6807 -66       
836.467 996.6467 -66       
836.2083 997.6125 -66       
835.9494 998.5785 -66       
835.6906 999.5444 -66       
835.4318 1000.51 -66       
835.173 1001.476 -66       
834.9141 1002.442 -66       
834.6553 1003.408 -66       
834.3965 1004.374 -66       
834.1377 1005.34 -66       
833.8788 1006.306 -66       
898.5836 764.8245 -65       
898.3248 765.7904 -65       
898.066 766.7563 -65       
897.8071 767.7222 -65       
897.5483 768.6882 -65       
897.2896 769.6541 -65       
897.0307 770.62 -65       
896.7719 771.5859 -65       
896.5131 772.5519 -65       
896.2543 773.5178 -65       
895.9954 774.4837 -65       
895.7366 775.4496 -65       
895.4778 776.4156 -65       
895.219 777.3815 -65       
894.9601 778.3474 -65       
894.7013 779.3134 -65       
894.4425 780.2793 -65       
894.1837 781.2452 -65       
835.9494 998.5785 -65       
835.6906 999.5444 -65       
835.4318 1000.51 -65       
835.173 1001.476 -65       
834.9141 1002.442 -65       
834.6553 1003.408 -65       
834.3965 1004.374 -65       
834.1377 1005.34 -65       
833.8788 1006.306 -65       
833.6201 1007.272 -65       
833.3612 1008.238 -65       
833.1024 1009.204 -65       
832.8436 1010.17 -65       
832.5847 1011.135 -65       
899.6189 760.9608 -64       
899.3601 761.9267 -64       
899.1013 762.8926 -64       
898.8424 763.8585 -64       
898.5836 764.8245 -64       
898.3248 765.7904 -64       
898.066 766.7563 -64       
897.8071 767.7222 -64       
897.5483 768.6882 -64       
897.2896 769.6541 -64       
897.0307 770.62 -64       
896.7719 771.5859 -64       
896.5131 772.5519 -64       
896.2543 773.5178 -64       
895.9954 774.4837 -64       
895.7366 775.4496 -64       
835.173 1001.476 -64       
834.9141 1002.442 -64       
834.6553 1003.408 -64       
834.3965 1004.374 -64       
834.1377 1005.34 -64       
833.8788 1006.306 -64       
833.6201 1007.272 -64       
833.3612 1008.238 -64       
833.1024 1009.204 -64       
832.8436 1010.17 -64       
832.5847 1011.135 -64       
832.3259 1012.101 -64       
832.0671 1013.067 -64       
831.8083 1014.033 -64       
900.913 756.1311 -63       
900.6542 757.097 -63       
900.3954 758.063 -63       
900.1365 759.0289 -63       
899.8777 759.9948 -63       
899.6189 760.9608 -63       
899.3601 761.9267 -63       
899.1013 762.8926 -63       
898.8424 763.8585 -63       
898.5836 764.8245 -63       
898.3248 765.7904 -63       
898.066 766.7563 -63       
897.8071 767.7222 -63       
897.5483 768.6882 -63       
897.2896 769.6541 -63       
897.0307 770.62 -63       
896.7719 771.5859 -63       
833.6201 1007.272 -63       
833.3612 1008.238 -63       
833.1024 1009.204 -63       
832.8436 1010.17 -63       
832.5847 1011.135 -63       
832.3259 1012.101 -63       
832.0671 1013.067 -63       
831.8083 1014.033 -63       
831.5495 1014.999 -63       
831.2906 1015.965 -63       
831.0319 1016.931 -63       
830.7731 1017.897 -63       
901.6895 753.2333 -62       
901.4307 754.1993 -62       
901.1718 755.1652 -62       
900.913 756.1311 -62       
900.6542 757.097 -62       
900.3954 758.063 -62       
900.1365 759.0289 -62       
899.8777 759.9948 -62       
899.6189 760.9608 -62       
899.3601 761.9267 -62       
899.1013 762.8926 -62       
898.8424 763.8585 -62       
898.5836 764.8245 -62       
898.3248 765.7904 -62       
898.066 766.7563 -62       
897.8071 767.7222 -62       
897.5483 768.6882 -62       
832.8436 1010.17 -62       
832.5847 1011.135 -62       
832.3259 1012.101 -62       
832.0671 1013.067 -62       
831.8083 1014.033 -62       
831.5495 1014.999 -62       
831.2906 1015.965 -62       
831.0319 1016.931 -62       
830.7731 1017.897 -62       
830.5142 1018.863 -62       
830.2554 1019.829 -62       
902.4659 750.3356 -61       
902.2071 751.3015 -61       
901.9482 752.2674 -61       
901.6895 753.2333 -61       
901.4307 754.1993 -61       
901.1718 755.1652 -61       
900.913 756.1311 -61       
900.6542 757.097 -61       
900.3954 758.063 -61       
900.1365 759.0289 -61       
899.8777 759.9948 -61       
899.6189 760.9608 -61       
899.3601 761.9267 -61       
899.1013 762.8926 -61       
898.8424 763.8585 -61       
898.5836 764.8245 -61       
832.3259 1012.101 -61       
832.0671 1013.067 -61       
831.8083 1014.033 -61       
831.5495 1014.999 -61       
831.2906 1015.965 -61       
831.0319 1016.931 -61       
830.7731 1017.897 -61       
830.5142 1018.863 -61       
830.2554 1019.829 -61       
829.9966 1020.795 -61       
829.7378 1021.761 -61       
829.4789 1022.727 -61       
829.2201 1023.693 -61       
903.2424 747.4378 -60       
902.9835 748.4037 -60       
902.7247 749.3696 -60       
902.4659 750.3356 -60       
902.2071 751.3015 -60       
901.9482 752.2674 -60       
901.6895 753.2333 -60       
901.4307 754.1993 -60       
901.1718 755.1652 -60       
900.913 756.1311 -60       
900.6542 757.097 -60       
900.3954 758.063 -60       
900.1365 759.0289 -60       
899.8777 759.9948 -60       
831.0319 1016.931 -60       
830.7731 1017.897 -60       
830.5142 1018.863 -60       
830.2554 1019.829 -60       
829.9966 1020.795 -60       
829.7378 1021.761 -60       
829.4789 1022.727 -60       
829.2201 1023.693 -60       
828.9613 1024.658 -60       
828.7025 1025.625 -60       
828.4437 1026.59 -60       
828.1848 1027.556 -60       
916.4421 698.1756 -59       
916.1833 699.1415 -59       
915.9245 700.1074 -59       
915.6656 701.0734 -59       
915.4069 702.0393 -59       
915.1481 703.0052 -59       
914.8892 703.9711 -59       
914.6304 704.9371 -59       
914.3716 705.903 -59       
914.1128 706.8689 -59       
913.0775 710.7326 -59       
912.8187 711.6985 -59       
904.5364 742.6082 -59       
904.2776 743.5741 -59       
904.0188 744.54 -59       
903.76 745.5059 -59       
903.5012 746.4719 -59       
903.2424 747.4378 -59       
902.9835 748.4037 -59       
902.7247 749.3696 -59       
902.4659 750.3356 -59       
902.2071 751.3015 -59       
901.9482 752.2674 -59       
901.6895 753.2333 -59       
901.4307 754.1993 -59       
901.1718 755.1652 -59       
830.2554 1019.829 -59       
829.9966 1020.795 -59       
829.7378 1021.761 -59       
829.4789 1022.727 -59       
829.2201 1023.693 -59       
828.9613 1024.658 -59       
828.7025 1025.625 -59       
828.4437 1026.59 -59       
828.1848 1027.556 -59       
827.926 1028.522 -59       
827.6672 1029.488 -59       
827.4084 1030.454 -59       
918.2538 691.4141 -58       
917.9951 692.38 -58       
917.7362 693.3459 -58       
917.4774 694.3119 -58       
917.2186 695.2778 -58       
916.9598 696.2437 -58       
916.7009 697.2097 -58       
916.4421 698.1756 -58       
916.1833 699.1415 -58       
915.9245 700.1074 -58       
915.6656 701.0734 -58       
915.4069 702.0393 -58       
915.1481 703.0052 -58       
914.8892 703.9711 -58       
914.6304 704.9371 -58       
914.3716 705.903 -58       
914.1128 706.8689 -58       
913.8539 707.8348 -58       
913.5951 708.8008 -58       
913.3363 709.7667 -58       
913.0775 710.7326 -58       
912.8187 711.6985 -58       
912.5598 712.6645 -58       
912.301 713.6304 -58       
912.0422 714.5963 -58       
911.7834 715.5623 -58       
911.5245 716.5281 -58       
905.0541 740.6763 -58       
904.7953 741.6422 -58       
904.5364 742.6082 -58       
904.2776 743.5741 -58       
904.0188 744.54 -58       
903.76 745.5059 -58       
903.5012 746.4719 -58       
903.2424 747.4378 -58       
902.9835 748.4037 -58       
902.7247 749.3696 -58       
902.4659 750.3356 -58       
902.2071 751.3015 -58       
829.4789 1022.727 -58       
829.2201 1023.693 -58       
828.9613 1024.658 -58       
828.7025 1025.625 -58       
828.4437 1026.59 -58       
828.1848 1027.556 -58       
827.926 1028.522 -58       
827.6672 1029.488 -58       
827.4084 1030.454 -58       
827.1495 1031.42 -58       
826.8907 1032.386 -58       
826.632 1033.352 -58       
919.2891 687.5504 -57       
919.0303 688.5163 -57       
918.7715 689.4822 -57       
918.5127 690.4482 -57       
918.2538 691.4141 -57       
917.9951 692.38 -57       
917.7362 693.3459 -57       
917.4774 694.3119 -57       
917.2186 695.2778 -57       
916.9598 696.2437 -57       
916.7009 697.2097 -57       
916.4421 698.1756 -57       
916.1833 699.1415 -57       
915.9245 700.1074 -57       
915.6656 701.0734 -57       
915.4069 702.0393 -57       
915.1481 703.0052 -57       
914.8892 703.9711 -57       
914.6304 704.9371 -57       
914.3716 705.903 -57       
914.1128 706.8689 -57       
913.8539 707.8348 -57       
913.5951 708.8008 -57       
913.3363 709.7667 -57       
913.0775 710.7326 -57       
912.8187 711.6985 -57       
912.5598 712.6645 -57       
912.301 713.6304 -57       
912.0422 714.5963 -57       
911.7834 715.5623 -57       
911.5245 716.5281 -57       
911.2657 717.4941 -57       
911.007 718.46 -57       
910.7481 719.426 -57       
905.8306 737.7786 -57       
905.5717 738.7444 -57       
905.3129 739.7104 -57       
905.0541 740.6763 -57       
904.7953 741.6422 -57       
904.5364 742.6082 -57       
904.2776 743.5741 -57       
904.0188 744.54 -57       
903.76 745.5059 -57       
903.5012 746.4719 -57       
903.2424 747.4378 -57       
828.9613 1024.658 -57       
828.7025 1025.625 -57       
828.4437 1026.59 -57       
828.1848 1027.556 -57       
827.926 1028.522 -57       
827.6672 1029.488 -57       
827.4084 1030.454 -57       
827.1495 1031.42 -57       
826.8907 1032.386 -57       
826.632 1033.352 -57       
826.3731 1034.318 -57       
826.1143 1035.284 -57       
825.8555 1036.25 -57       
920.3244 683.6867 -56       
920.0656 684.6526 -56       
919.8068 685.6185 -56       
919.548 686.5845 -56       
919.2891 687.5504 -56       
919.0303 688.5163 -56       
918.7715 689.4822 -56       
918.5127 690.4482 -56       
918.2538 691.4141 -56       
917.9951 692.38 -56       
917.7362 693.3459 -56       
917.4774 694.3119 -56       
917.2186 695.2778 -56       
916.9598 696.2437 -56       
916.7009 697.2097 -56       
916.4421 698.1756 -56       
916.1833 699.1415 -56       
915.9245 700.1074 -56       
915.6656 701.0734 -56       
915.4069 702.0393 -56       
914.1128 706.8689 -56       
913.8539 707.8348 -56       
913.5951 708.8008 -56       
913.3363 709.7667 -56       
913.0775 710.7326 -56       
912.8187 711.6985 -56       
912.5598 712.6645 -56       
912.301 713.6304 -56       
912.0422 714.5963 -56       
911.7834 715.5623 -56       
911.5245 716.5281 -56       
911.2657 717.4941 -56       
911.007 718.46 -56       
910.7481 719.426 -56       
910.4893 720.3918 -56       
910.2305 721.3578 -56       
906.3482 735.8467 -56       
906.0894 736.8126 -56       
905.8306 737.7786 -56       
905.5717 738.7444 -56       
905.3129 739.7104 -56       
905.0541 740.6763 -56       
904.7953 741.6422 -56       
904.5364 742.6082 -56       
827.4084 1030.454 -56       
827.1495 1031.42 -56       
826.8907 1032.386 -56       
826.632 1033.352 -56       
826.3731 1034.318 -56       
826.1143 1035.284 -56       
825.8555 1036.25 -56       
825.5967 1037.216 -56       
825.3378 1038.181 -56       
825.079 1039.147 -56       
824.8202 1040.113 -56       
921.3597 679.823 -55       
921.1009 680.7889 -55       
920.842 681.7548 -55       
920.5833 682.7208 -55       
920.3244 683.6867 -55       
920.0656 684.6526 -55       
919.8068 685.6185 -55       
919.548 686.5845 -55       
919.2891 687.5504 -55       
919.0303 688.5163 -55       
918.7715 689.4822 -55       
918.5127 690.4482 -55       
911.7834 715.5623 -55       
911.5245 716.5281 -55       
911.2657 717.4941 -55       
911.007 718.46 -55       
910.7481 719.426 -55       
910.4893 720.3918 -55       
910.2305 721.3578 -55       
909.9717 722.3237 -55       
909.7128 723.2897 -55       
907.1246 732.9489 -55       
906.8658 733.9149 -55       
906.607 734.8807 -55       
906.3482 735.8467 -55       
906.0894 736.8126 -55       
905.8306 737.7786 -55       
905.5717 738.7444 -55       
905.3129 739.7104 -55       
825.5967 1037.216 -55       
825.3378 1038.181 -55       
825.079 1039.147 -55       
824.8202 1040.113 -55       
824.5614 1041.079 -55       
824.3026 1042.045 -55       
824.0437 1043.011 -55       
823.7849 1043.977 -55       
922.395 675.9593 -54       
922.1362 676.9252 -54       
921.8773 677.8911 -54       
921.6185 678.8571 -54       
921.3597 679.823 -54       
921.1009 680.7889 -54       
920.842 681.7548 -54       
920.5833 682.7208 -54       
920.3244 683.6867 -54       
920.0656 684.6526 -54       
911.007 718.46 -54       
910.7481 719.426 -54       
910.4893 720.3918 -54       
910.2305 721.3578 -54       
909.9717 722.3237 -54       
909.7128 723.2897 -54       
909.454 724.2556 -54       
909.1952 725.2215 -54       
907.9011 730.0511 -54       
907.6423 731.017 -54       
907.3835 731.983 -54       
907.1246 732.9489 -54       
906.8658 733.9149 -54       
906.607 734.8807 -54       
906.3482 735.8467 -54       
906.0894 736.8126 -54       
905.8306 737.7786 -54       
905.5717 738.7444 -54       
824.8202 1040.113 -54       
824.5614 1041.079 -54       
824.3026 1042.045 -54       
824.0437 1043.011 -54       
823.7849 1043.977 -54       
823.5261 1044.943 -54       
823.2673 1045.909 -54       
823.0084 1046.875 -54       
822.7496 1047.841 -54       
923.4302 672.0956 -53       
923.1714 673.0615 -53       
922.9126 674.0274 -53       
922.6538 674.9933 -53       
922.395 675.9593 -53       
922.1362 676.9252 -53       
921.8773 677.8911 -53       
921.6185 678.8571 -53       
921.3597 679.823 -53       
910.2305 721.3578 -53       
909.9717 722.3237 -53       
909.7128 723.2897 -53       
909.454 724.2556 -53       
909.1952 725.2215 -53       
908.9364 726.1874 -53       
908.6776 727.1534 -53       
908.4188 728.1193 -53       
908.1599 729.0852 -53       
907.9011 730.0511 -53       
907.6423 731.017 -53       
907.3835 731.983 -53       
907.1246 732.9489 -53       
906.8658 733.9149 -53       
906.607 734.8807 -53       
906.3482 735.8467 -53       
824.3026 1042.045 -53       
824.0437 1043.011 -53       
823.7849 1043.977 -53       
823.5261 1044.943 -53       
823.2673 1045.909 -53       
823.0084 1046.875 -53       
822.7496 1047.841 -53       
822.4908 1048.807 -53       
822.232 1049.773 -53       
821.9731 1050.739 -53       
924.7244 667.2659 -52       
924.4655 668.2319 -52       
924.2067 669.1978 -52       
923.9479 670.1638 -52       
923.6891 671.1296 -52       
923.4302 672.0956 -52       
923.1714 673.0615 -52       
922.9126 674.0274 -52       
922.6538 674.9933 -52       
922.395 675.9593 -52       
909.454 724.2556 -52       
909.1952 725.2215 -52       
908.9364 726.1874 -52       
908.6776 727.1534 -52       
908.4188 728.1193 -52       
908.1599 729.0852 -52       
907.9011 730.0511 -52       
907.6423 731.017 -52       
907.3835 731.983 -52       
907.1246 732.9489 -52       
906.8658 733.9149 -52       
823.5261 1044.943 -52       
823.2673 1045.909 -52       
823.0084 1046.875 -52       
822.7496 1047.841 -52       
822.4908 1048.807 -52       
822.232 1049.773 -52       
821.9731 1050.739 -52       
821.7144 1051.704 -52       
821.4556 1052.67 -52       
925.5008 664.3682 -51       
925.2419 665.3341 -51       
924.9832 666.3 -51       
924.7244 667.2659 -51       
924.4655 668.2319 -51       
924.2067 669.1978 -51       
923.9479 670.1638 -51       
923.6891 671.1296 -51       
923.4302 672.0956 -51       
923.1714 673.0615 -51       
922.9126 674.0274 -51       
909.454 724.2556 -51       
909.1952 725.2215 -51       
908.9364 726.1874 -51       
908.6776 727.1534 -51       
908.4188 728.1193 -51       
908.1599 729.0852 -51       
822.4908 1048.807 -51       
822.232 1049.773 -51       
821.9731 1050.739 -51       
821.7144 1051.704 -51       
821.4556 1052.67 -51       
821.1967 1053.636 -51       
820.9379 1054.602 -51       
820.6791 1055.568 -51       
926.2772 661.4704 -50       
926.0184 662.4363 -50       
925.7596 663.4022 -50       
925.5008 664.3682 -50       
925.2419 665.3341 -50       
924.9832 666.3 -50       
924.7244 667.2659 -50       
924.4655 668.2319 -50       
924.2067 669.1978 -50       
923.9479 670.1638 -50       
909.1952 725.2215 -50       
908.9364 726.1874 -50       
908.6776 727.1534 -50       
822.232 1049.773 -50       
821.9731 1050.739 -50       
821.7144 1051.704 -50       
821.4556 1052.67 -50       
821.1967 1053.636 -50       
820.9379 1054.602 -50       
820.6791 1055.568 -50       
820.4203 1056.534 -50       
820.1614 1057.5 -50       
926.7949 659.5386 -49       
926.5361 660.5045 -49       
926.2772 661.4704 -49       
926.0184 662.4363 -49       
925.7596 663.4022 -49       
925.5008 664.3682 -49       
925.2419 665.3341 -49       
924.9832 666.3 -49       
908.9364 726.1874 -49       
821.1967 1053.636 -49       
820.9379 1054.602 -49       
820.6791 1055.568 -49       
820.4203 1056.534 -49       
820.1614 1057.5 -49       
819.9026 1058.466 -49       
819.6438 1059.432 -49       
927.5714 656.6407 -48       
927.3125 657.6067 -48       
927.0537 658.5726 -48       
926.7949 659.5386 -48       
926.5361 660.5045 -48       
926.2772 661.4704 -48       
926.0184 662.4363 -48       
925.7596 663.4022 -48       
925.5008 664.3682 -48       
820.4203 1056.534 -48       
820.1614 1057.5 -48       
819.9026 1058.466 -48       
819.6438 1059.432 -48       
819.385 1060.398 -48       
819.1262 1061.364 -48       
818.8673 1062.33 -48       
818.6085 1063.296 -48       
928.089 654.7089 -47       
927.8302 655.6749 -47       
927.5714 656.6407 -47       
927.3125 657.6067 -47       
927.0537 658.5726 -47       
926.7949 659.5386 -47       
926.5361 660.5045 -47       
819.9026 1058.466 -47       
819.6438 1059.432 -47       
819.385 1060.398 -47       
819.1262 1061.364 -47       
818.8673 1062.33 -47       
818.6085 1063.296 -47       
818.3497 1064.261 -47       
928.3478 653.743 -46       
928.089 654.7089 -46       
927.8302 655.6749 -46       
927.5714 656.6407 -46       
927.3125 657.6067 -46       
927.0537 658.5726 -46       
819.6438 1059.432 -46       
819.385 1060.398 -46       
819.1262 1061.364 -46       
818.8673 1062.33 -46       
818.6085 1063.296 -46       
818.3497 1064.261 -46       
818.0909 1065.227 -46       
817.832 1066.193 -46       
817.5732 1067.159 -46       
928.8655 651.8112 -45       
928.6066 652.777 -45       
928.3478 653.743 -45       
928.089 654.7089 -45       
927.8302 655.6749 -45       
927.5714 656.6407 -45       
818.3497 1064.261 -45       
818.0909 1065.227 -45       
817.832 1066.193 -45       
817.5732 1067.159 -45       
817.3145 1068.125 -45       
817.0556 1069.091 -45       
816.7968 1070.057 -45       
929.3831 649.8793 -44       
929.1243 650.8452 -44       
928.8655 651.8112 -44       
928.6066 652.777 -44       
928.3478 653.743 -44       
817.832 1066.193 -44       
817.5732 1067.159 -44       
817.3145 1068.125 -44       
817.0556 1069.091 -44       
816.7968 1070.057 -44       
816.538 1071.023 -44       
816.2792 1071.989 -44       
929.9008 647.9474 -43       
929.6419 648.9133 -43       
929.3831 649.8793 -43       
929.1243 650.8452 -43       
928.8655 651.8112 -43       
928.6066 652.777 -43       
817.3145 1068.125 -43       
817.0556 1069.091 -43       
816.7968 1070.057 -43       
816.538 1071.023 -43       
816.2792 1071.989 -43       
816.0204 1072.955 -43       
815.7615 1073.921 -43       
815.5027 1074.887 -43       
930.4183 646.0156 -42       
930.1595 646.9815 -42       
929.9008 647.9474 -42       
929.6419 648.9133 -42       
929.3831 649.8793 -42       
929.1243 650.8452 -42       
816.538 1071.023 -42       
816.2792 1071.989 -42       
816.0204 1072.955 -42       
815.7615 1073.921 -42       
815.5027 1074.887 -42       
815.2439 1075.853 -42       
930.6772 645.0497 -41       
930.4183 646.0156 -41       
930.1595 646.9815 -41       
929.9008 647.9474 -41       
929.6419 648.9133 -41       
816.2792 1071.989 -41       
816.0204 1072.955 -41       
815.7615 1073.921 -41       
815.5027 1074.887 -41       
815.2439 1075.853 -41       
814.9851 1076.818 -41       
814.7263 1077.784 -41       
931.1948 643.1178 -40       
930.936 644.0837 -40       
930.6772 645.0497 -40       
930.4183 646.0156 -40       
930.1595 646.9815 -40       
815.5027 1074.887 -40       
815.2439 1075.853 -40       
814.9851 1076.818 -40       
814.7263 1077.784 -40       
814.4674 1078.75 -40       
814.2086 1079.716 -40       
813.9498 1080.682 -40       
931.4536 642.1519 -39       
931.1948 643.1178 -39       
930.936 644.0837 -39       
930.6772 645.0497 -39       
930.4183 646.0156 -39       
814.9851 1076.818 -39       
814.7263 1077.784 -39       
814.4674 1078.75 -39       
814.2086 1079.716 -39       
813.9498 1080.682 -39       
813.691 1081.648 -39       
813.4321 1082.614 -39       
931.7125 641.186 -38       
931.4536 642.1519 -38       
931.1948 643.1178 -38       
930.936 644.0837 -38       
814.4674 1078.75 -38       
814.2086 1079.716 -38       
813.9498 1080.682 -38       
813.691 1081.648 -38       
813.4321 1082.614 -38       
813.1733 1083.58 -38       
812.9146 1084.546 -38       
932.2301 639.2541 -37       
931.9713 640.22 -37       
931.7125 641.186 -37       
931.4536 642.1519 -37       
813.9498 1080.682 -37       
813.691 1081.648 -37       
813.4321 1082.614 -37       
813.1733 1083.58 -37       
812.9146 1084.546 -37       
812.6557 1085.512 -37       
812.3969 1086.478 -37       
812.1381 1087.444 -37       
932.4889 638.2881 -36       
932.2301 639.2541 -36       
931.9713 640.22 -36       
931.7125 641.186 -36       
813.1733 1083.58 -36       
812.9146 1084.546 -36       
812.6557 1085.512 -36       
812.3969 1086.478 -36       
812.1381 1087.444 -36       
811.8793 1088.41 -36       
811.6204 1089.375 -36       
932.7477 637.3223 -35       
932.4889 638.2881 -35       
932.2301 639.2541 -35       
812.6557 1085.512 -35       
812.3969 1086.478 -35       
812.1381 1087.444 -35       
811.8793 1088.41 -35       
811.6204 1089.375 -35       
811.3616 1090.341 -35       
811.1028 1091.307 -35       
810.844 1092.273 -35       
933.2654 635.3904 -34       
933.0065 636.3563 -34       
932.7477 637.3223 -34       
932.4889 638.2881 -34       
811.8793 1088.41 -34       
811.6204 1089.375 -34       
811.3616 1090.341 -34       
811.1028 1091.307 -34       
810.844 1092.273 -34       
810.5851 1093.239 -34       
810.3263 1094.205 -34       
933.5242 634.4245 -33       
933.2654 635.3904 -33       
933.0065 636.3563 -33       
932.7477 637.3223 -33       
811.1028 1091.307 -33       
810.844 1092.273 -33       
810.5851 1093.239 -33       
810.3263 1094.205 -33       
810.0675 1095.171 -33       
809.8087 1096.137 -33       
933.783 633.4586 -32       
933.5242 634.4245 -32       
933.2654 635.3904 -32       
933.0065 636.3563 -32       
810.844 1092.273 -32       
810.5851 1093.239 -32       
810.3263 1094.205 -32       
810.0675 1095.171 -32       
809.8087 1096.137 -32       
809.5499 1097.103 -32       
934.0418 632.4926 -31       
933.783 633.4586 -31       
933.5242 634.4245 -31       
810.3263 1094.205 -31       
810.0675 1095.171 -31       
809.8087 1096.137 -31       
809.5499 1097.103 -31       
809.291 1098.069 -31       
809.0322 1099.035 -31       
934.5594 630.5608 -30       
934.3007 631.5267 -30       
934.0418 632.4926 -30       
933.783 633.4586 -30       
809.8087 1096.137 -30       
809.5499 1097.103 -30       
809.291 1098.069 -30       
809.0322 1099.035 -30       
808.7734 1100.001 -30       
808.5146 1100.967 -30       
934.8183 629.5948 -29       
934.5594 630.5608 -29       
934.3007 631.5267 -29       
934.0418 632.4926 -29       
809.291 1098.069 -29       
809.0322 1099.035 -29       
808.7734 1100.001 -29       
808.5146 1100.967 -29       
808.2557 1101.933 -29       
935.0771 628.6289 -28       
934.8183 629.5948 -28       
934.5594 630.5608 -28       
808.7734 1100.001 -28       
808.5146 1100.967 -28       
808.2557 1101.933 -28       
807.9969 1102.898 -28       
807.7382 1103.864 -28       
935.3359 627.663 -27       
935.0771 628.6289 -27       
934.8183 629.5948 -27       
808.5146 1100.967 -27       
808.2557 1101.933 -27       
807.9969 1102.898 -27       
807.7382 1103.864 -27       
807.4793 1104.83 -27       
935.5947 626.6971 -26       
935.3359 627.663 -26       
935.0771 628.6289 -26       
934.8183 629.5948 -26       
807.9969 1102.898 -26       
807.7382 1103.864 -26       
807.4793 1104.83 -26       
807.2205 1105.796 -26       
935.8536 625.7311 -25       
935.5947 626.6971 -25       
935.3359 627.663 -25       
935.0771 628.6289 -25       
807.4793 1104.83 -25       
807.2205 1105.796 -25       
806.9617 1106.762 -25       
806.7029 1107.728 -25       
935.8536 625.7311 -24       
935.5947 626.6971 -24       
935.3359 627.663 -24       
807.2205 1105.796 -24       
806.9617 1106.762 -24       
806.7029 1107.728 -24       
806.444 1108.694 -24       
806.1852 1109.66 -24       
935.8536 625.7311 -23       
935.5947 626.6971 -23       
806.9617 1106.762 -23       
806.7029 1107.728 -23       
806.444 1108.694 -23       
806.1852 1109.66 -23       
805.9264 1110.626 -23       
805.6676 1111.592 -23       
936.1124 624.7652 -22       
935.8536 625.7311 -22       
935.5947 626.6971 -22       
806.444 1108.694 -22       
806.1852 1109.66 -22       
805.9264 1110.626 -22       
805.6676 1111.592 -22       
805.4088 1112.558 -22       
805.1499 1113.524 -22       
804.8911 1114.49 -22       
936.1124 624.7652 -21       
935.8536 625.7311 -21       
805.4088 1112.558 -21       
805.1499 1113.524 -21       
804.8911 1114.49 -21       
804.6323 1115.456 -21       
804.3735 1116.422 -21       
804.1146 1117.387 -21       
936.3712 623.7993 -20       
936.1124 624.7652 -20       
804.3735 1116.422 -20       
804.1146 1117.387 -20       
803.8558 1118.353 -20       
803.597 1119.319 -20       
936.63 622.8334 -19       
936.3712 623.7993 -19       
803.3382 1120.285 -19       
803.0793 1121.251 -19       
802.8206 1122.217 -19       
936.63 622.8334 -18       
936.3712 623.7993 -18       
803.0793 1121.251 -18       
802.8206 1122.217 -18       
802.5618 1123.183 -18       
802.3029 1124.149 -18       
936.8889 621.8674 -17       
936.63 622.8334 -17       
802.5618 1123.183 -17       
802.3029 1124.149 -17       
802.0441 1125.115 -17       
801.7853 1126.081 -17       
801.5265 1127.047 -17       
801.2677 1128.013 -17       
937.1476 620.9015 -16       
936.8889 621.8674 -16       
936.63 622.8334 -16       
802.0441 1125.115 -16       
801.7853 1126.081 -16       
801.5265 1127.047 -16       
801.2677 1128.013 -16       
801.0089 1128.979 -16       
800.75 1129.944 -16       
800.4912 1130.91 -16       
937.1476 620.9015 -15       
936.8889 621.8674 -15       
801.2677 1128.013 -15       
801.0089 1128.979 -15       
800.75 1129.944 -15       
800.4912 1130.91 -15       
800.2324 1131.876 -15       
799.9736 1132.842 -15       
799.7147 1133.808 -15       
937.4065 619.9356 -14       
937.1476 620.9015 -14       
936.8889 621.8674 -14       
800.75 1129.944 -14       
800.4912 1130.91 -14       
800.2324 1131.876 -14       
799.9736 1132.842 -14       
799.7147 1133.808 -14       
799.4559 1134.774 -14       
799.1971 1135.74 -14       
937.4065 619.9356 -13       
937.1476 620.9015 -13       
800.2324 1131.876 -13       
799.9736 1132.842 -13       
799.7147 1133.808 -13       
799.4559 1134.774 -13       
799.1971 1135.74 -13       
798.9383 1136.706 -13       
798.6794 1137.672 -13       
798.4207 1138.638 -13       
798.1619 1139.604 -13       
797.903 1140.57 -13       
937.6653 618.9697 -12       
937.4065 619.9356 -12       
937.1476 620.9015 -12       
799.1971 1135.74 -12       
798.9383 1136.706 -12       
798.6794 1137.672 -12       
798.4207 1138.638 -12       
798.1619 1139.604 -12       
797.903 1140.57 -12       
797.6442 1141.536 -12       
797.3854 1142.501 -12       
937.6653 618.9697 -11       
937.4065 619.9356 -11       
798.1619 1139.604 -11       
797.903 1140.57 -11       
797.6442 1141.536 -11       
797.3854 1142.501 -11       
797.1266 1143.467 -11       
796.8677 1144.433 -11       
796.6089 1145.399 -11       
796.3501 1146.365 -11       
796.0913 1147.331 -11       
937.9241 618.0037 -10       
937.6653 618.9697 -10       
937.4065 619.9356 -10       
797.6442 1141.536 -10       
797.3854 1142.501 -10       
797.1266 1143.467 -10       
796.8677 1144.433 -10       
796.6089 1145.399 -10       
796.3501 1146.365 -10       
796.0913 1147.331 -10       
795.8325 1148.297 -10       
795.5736 1149.263 -10       
795.3148 1150.229 -10       
937.9241 618.0037 -9       
937.6653 618.9697 -9       
796.6089 1145.399 -9       
796.3501 1146.365 -9       
796.0913 1147.331 -9       
795.8325 1148.297 -9       
795.5736 1149.263 -9       
795.3148 1150.229 -9       
795.056 1151.195 -9       
794.7972 1152.161 -9       
937.9241 618.0037 -8       
937.6653 618.9697 -8       
796.0913 1147.331 -8       
795.8325 1148.297 -8       
795.5736 1149.263 -8       
795.3148 1150.229 -8       
795.056 1151.195 -8       
794.7972 1152.161 -8       
938.1829 617.0378 -7       
937.9241 618.0037 -7       
795.3148 1150.229 -7       
795.056 1151.195 -7       
794.7972 1152.161 -7       
938.4418 616.0719 -6       
938.1829 617.0378 -6       
937.9241 618.0037 -6       
938.4418 616.0719 -5       
938.1829 617.0378 -5       
937.9241 618.0037 -5       
938.4418 616.0719 -4       
938.1829 617.0378 -4       
938.7006 615.106 -3       
938.4418 616.0719 -3       
938.1829 617.0378 -3       
938.7006 615.106 -2       
938.4418 616.0719 -2       
938.1829 617.0378 -2       
938.7006 615.106 -1       
938.4418 616.0719 -1       
