390 466 -38       
390 476 -38       
390 482 -38       
390 493 -37       
390 500 -36       
390 511 -34       
390 521 -30       
390 529 -31       
390 539 -29       
390 547 -29       
390 554 -29       
390 562 -28       
390 572 -29       
390 581 -29       
390 589 -32       
390 597 -32       
390 608 -37       
390 619 -39       
390 630 -40       
390 642 -38       
390 655 -35       
390 665 -33       
390 676 -32       
390 687 -28       
390 698 -28       
390 705 -25       
390 717 -24       
390 730 -21       