0	897	451
0	898	451
0	899	451
0	900	451
0	901	451
0	894	452
0	895	452
0	896	452
0	897	452
0	898	452
0	899	452
0	900	452
0	901	452
0	902	452
0	903	452
0	904	452
0	905	452
0	906	452
0	907	452
0	908	452
0	909	452
0	889	453
0	890	453
0	891	453
0	892	453
0	893	453
0	894	453
0	895	453
0	896	453
0	897	453
0	898	453
0	899	453
0	900	453
0	901	453
0	902	453
0	903	453
0	904	453
0	905	453
0	906	453
0	907	453
0	908	453
0	909	453
0	910	453
0	911	453
0	912	453
0	883	454
0	884	454
0	885	454
0	886	454
0	887	454
0	888	454
0	889	454
0	890	454
0	891	454
0	892	454
0	893	454
0	894	454
0	895	454
0	896	454
0	897	454
0	898	454
0	899	454
0	900	454
0	901	454
0	902	454
0	903	454
0	904	454
0	905	454
0	906	454
0	907	454
0	908	454
0	909	454
0	910	454
0	911	454
0	912	454
0	913	454
0	914	454
0	915	454
0	916	454
0	917	454
0	858	455
0	859	455
0	860	455
0	861	455
0	862	455
0	863	455
0	864	455
0	865	455
0	866	455
0	867	455
0	868	455
0	869	455
0	870	455
0	871	455
0	872	455
0	873	455
0	874	455
0	875	455
0	876	455
0	877	455
0	878	455
0	879	455
0	880	455
0	881	455
0	882	455
0	883	455
0	884	455
0	885	455
0	886	455
0	887	455
0	888	455
0	889	455
0	890	455
0	891	455
0	892	455
0	893	455
0	894	455
0	895	455
0	896	455
0	907	455
0	908	455
0	909	455
0	910	455
0	911	455
0	912	455
0	913	455
0	914	455
0	915	455
0	916	455
0	917	455
0	918	455
0	919	455
0	920	455
0	848	456
0	849	456
0	850	456
0	851	456
0	852	456
0	853	456
0	854	456
0	855	456
0	856	456
0	857	456
0	858	456
0	859	456
0	860	456
0	861	456
0	862	456
0	863	456
0	864	456
0	865	456
0	866	456
0	867	456
0	868	456
0	869	456
0	870	456
0	871	456
0	872	456
0	873	456
0	874	456
0	875	456
0	876	456
0	877	456
0	878	456
0	879	456
0	880	456
0	881	456
0	882	456
0	883	456
0	884	456
0	885	456
0	886	456
0	887	456
0	888	456
0	889	456
0	912	456
0	913	456
0	914	456
0	915	456
0	916	456
0	917	456
0	918	456
0	919	456
0	920	456
0	921	456
0	838	457
0	839	457
0	840	457
0	841	457
0	842	457
0	843	457
0	844	457
0	845	457
0	846	457
0	847	457
0	848	457
0	849	457
0	850	457
0	851	457
0	852	457
0	853	457
0	854	457
0	855	457
0	856	457
0	857	457
0	858	457
0	859	457
0	860	457
0	861	457
0	862	457
0	863	457
0	864	457
0	865	457
0	866	457
0	867	457
0	914	457
0	915	457
0	916	457
0	917	457
0	918	457
0	919	457
0	920	457
0	921	457
0	922	457
0	923	457
0	833	458
0	834	458
0	835	458
0	836	458
0	837	458
0	838	458
0	839	458
0	840	458
0	841	458
0	842	458
0	843	458
0	844	458
0	845	458
0	846	458
0	847	458
0	848	458
0	849	458
0	850	458
0	851	458
0	852	458
0	853	458
0	854	458
0	855	458
0	856	458
0	857	458
0	858	458
0	859	458
0	915	458
0	916	458
0	917	458
0	919	458
0	920	458
0	921	458
0	922	458
0	923	458
0	924	458
0	925	458
0	826	459
0	827	459
0	828	459
0	829	459
0	830	459
0	831	459
0	832	459
0	833	459
0	834	459
0	835	459
0	836	459
0	837	459
0	838	459
0	839	459
0	840	459
0	841	459
0	842	459
0	843	459
0	844	459
0	845	459
0	846	459
0	847	459
0	921	459
0	922	459
0	923	459
0	924	459
0	925	459
0	926	459
0	819	460
0	820	460
0	821	460
0	822	460
0	823	460
0	824	460
0	825	460
0	826	460
0	827	460
0	828	460
0	829	460
0	830	460
0	831	460
0	832	460
0	833	460
0	834	460
0	835	460
0	836	460
0	837	460
0	838	460
0	839	460
0	840	460
0	841	460
0	842	460
0	923	460
0	924	460
0	925	460
0	926	460
0	927	460
0	928	460
0	814	461
0	815	461
0	816	461
0	817	461
0	818	461
0	819	461
0	820	461
0	821	461
0	822	461
0	823	461
0	824	461
0	825	461
0	826	461
0	827	461
0	828	461
0	829	461
0	830	461
0	831	461
0	832	461
0	833	461
0	834	461
0	926	461
0	927	461
0	928	461
0	929	461
0	930	461
0	805	462
0	806	462
0	807	462
0	808	462
0	809	462
0	810	462
0	811	462
0	812	462
0	813	462
0	814	462
0	815	462
0	816	462
0	817	462
0	818	462
0	819	462
0	820	462
0	821	462
0	822	462
0	823	462
0	824	462
0	825	462
0	826	462
0	927	462
0	928	462
0	929	462
0	930	462
0	931	462
0	798	463
0	799	463
0	800	463
0	801	463
0	802	463
0	803	463
0	804	463
0	805	463
0	806	463
0	807	463
0	808	463
0	809	463
0	810	463
0	811	463
0	812	463
0	813	463
0	814	463
0	815	463
0	816	463
0	817	463
0	818	463
0	928	463
0	929	463
0	930	463
0	931	463
0	932	463
0	933	463
0	793	464
0	794	464
0	795	464
0	796	464
0	797	464
0	798	464
0	799	464
0	800	464
0	801	464
0	802	464
0	803	464
0	804	464
0	805	464
0	806	464
0	807	464
0	808	464
0	809	464
0	810	464
0	811	464
0	929	464
0	930	464
0	931	464
0	932	464
0	933	464
0	934	464
0	935	464
0	789	465
0	790	465
0	791	465
0	792	465
0	793	465
0	794	465
0	795	465
0	796	465
0	797	465
0	798	465
0	799	465
0	800	465
0	801	465
0	802	465
0	803	465
0	804	465
0	805	465
0	806	465
0	807	465
0	808	465
0	930	465
0	931	465
0	932	465
0	933	465
0	934	465
0	935	465
0	936	465
0	937	465
0	938	465
0	939	465
0	783	466
0	784	466
0	785	466
0	786	466
0	787	466
0	788	466
0	789	466
0	790	466
0	791	466
0	792	466
0	793	466
0	794	466
0	795	466
0	796	466
0	797	466
0	798	466
0	799	466
0	932	466
0	933	466
0	934	466
0	935	466
0	936	466
0	937	466
0	938	466
0	939	466
0	940	466
0	941	466
0	942	466
0	943	466
0	778	467
0	779	467
0	780	467
0	781	467
0	782	467
0	783	467
0	784	467
0	785	467
0	786	467
0	787	467
0	788	467
0	789	467
0	790	467
0	791	467
0	792	467
0	793	467
0	794	467
0	795	467
0	934	467
0	935	467
0	936	467
0	937	467
0	938	467
0	939	467
0	940	467
0	941	467
0	942	467
0	943	467
0	944	467
0	945	467
0	946	467
0	947	467
0	948	467
0	772	468
0	773	468
0	774	468
0	775	468
0	776	468
0	777	468
0	778	468
0	779	468
0	780	468
0	781	468
0	782	468
0	783	468
0	784	468
0	785	468
0	786	468
0	787	468
0	788	468
0	936	468
0	937	468
0	938	468
0	939	468
0	940	468
0	941	468
0	942	468
0	943	468
0	944	468
0	945	468
0	946	468
0	947	468
0	948	468
0	949	468
0	950	468
0	951	468
0	952	468
0	953	468
0	954	468
0	955	468
0	956	468
0	767	469
0	768	469
0	769	469
0	770	469
0	771	469
0	772	469
0	773	469
0	774	469
0	775	469
0	776	469
0	777	469
0	778	469
0	779	469
0	780	469
0	781	469
0	782	469
0	783	469
0	943	469
0	944	469
0	945	469
0	946	469
0	947	469
0	948	469
0	949	469
0	950	469
0	951	469
0	952	469
0	953	469
0	954	469
0	955	469
0	956	469
0	957	469
0	958	469
0	959	469
0	960	469
0	961	469
0	962	469
0	963	469
0	964	469
0	763	470
0	764	470
0	765	470
0	766	470
0	767	470
0	768	470
0	769	470
0	770	470
0	771	470
0	772	470
0	773	470
0	774	470
0	775	470
0	776	470
0	777	470
0	949	470
0	950	470
0	951	470
0	952	470
0	953	470
0	954	470
0	955	470
0	956	470
0	957	470
0	958	470
0	959	470
0	960	470
0	961	470
0	962	470
0	963	470
0	964	470
0	965	470
0	966	470
0	967	470
0	968	470
0	757	471
0	758	471
0	759	471
0	760	471
0	761	471
0	762	471
0	763	471
0	764	471
0	765	471
0	766	471
0	767	471
0	768	471
0	769	471
0	770	471
0	771	471
0	772	471
0	773	471
0	956	471
0	957	471
0	958	471
0	959	471
0	960	471
0	961	471
0	962	471
0	963	471
0	964	471
0	965	471
0	966	471
0	967	471
0	968	471
0	969	471
0	970	471
0	971	471
0	972	471
0	751	472
0	752	472
0	753	472
0	754	472
0	755	472
0	756	472
0	757	472
0	758	472
0	759	472
0	760	472
0	761	472
0	762	472
0	763	472
0	764	472
0	765	472
0	766	472
0	767	472
0	768	472
0	769	472
0	962	472
0	963	472
0	964	472
0	965	472
0	966	472
0	967	472
0	968	472
0	969	472
0	970	472
0	971	472
0	972	472
0	973	472
0	974	472
0	975	472
0	976	472
0	977	472
0	978	472
0	746	473
0	747	473
0	748	473
0	749	473
0	750	473
0	751	473
0	752	473
0	753	473
0	754	473
0	755	473
0	756	473
0	757	473
0	758	473
0	759	473
0	760	473
0	761	473
0	762	473
0	763	473
0	764	473
0	765	473
0	967	473
0	968	473
0	969	473
0	970	473
0	971	473
0	972	473
0	973	473
0	974	473
0	975	473
0	976	473
0	977	473
0	978	473
0	979	473
0	980	473
0	981	473
0	982	473
0	983	473
0	742	474
0	743	474
0	744	474
0	745	474
0	746	474
0	747	474
0	748	474
0	749	474
0	750	474
0	751	474
0	752	474
0	753	474
0	754	474
0	755	474
0	756	474
0	757	474
0	758	474
0	759	474
0	760	474
0	971	474
0	972	474
0	973	474
0	975	474
0	976	474
0	977	474
0	978	474
0	979	474
0	980	474
0	981	474
0	982	474
0	983	474
0	984	474
0	985	474
0	986	474
0	987	474
0	737	475
0	738	475
0	739	475
0	740	475
0	741	475
0	742	475
0	743	475
0	744	475
0	745	475
0	746	475
0	747	475
0	748	475
0	749	475
0	750	475
0	751	475
0	752	475
0	753	475
0	754	475
0	979	475
0	980	475
0	981	475
0	982	475
0	983	475
0	984	475
0	985	475
0	986	475
0	987	475
0	988	475
0	989	475
0	990	475
0	991	475
0	992	475
0	733	476
0	734	476
0	735	476
0	736	476
0	737	476
0	738	476
0	739	476
0	740	476
0	741	476
0	742	476
0	743	476
0	744	476
0	745	476
0	746	476
0	747	476
0	748	476
0	982	476
0	983	476
0	984	476
0	985	476
0	986	476
0	987	476
0	988	476
0	989	476
0	990	476
0	991	476
0	992	476
0	993	476
0	994	476
0	995	476
0	728	477
0	729	477
0	730	477
0	731	477
0	732	477
0	733	477
0	734	477
0	735	477
0	736	477
0	737	477
0	738	477
0	739	477
0	740	477
0	741	477
0	742	477
0	743	477
0	744	477
0	988	477
0	989	477
0	990	477
0	991	477
0	992	477
0	993	477
0	994	477
0	995	477
0	996	477
0	997	477
0	998	477
0	999	477
0	725	478
0	726	478
0	727	478
0	728	478
0	729	478
0	730	478
0	731	478
0	732	478
0	733	478
0	734	478
0	735	478
0	736	478
0	737	478
0	738	478
0	739	478
0	740	478
0	741	478
0	991	478
0	992	478
0	993	478
0	994	478
0	995	478
0	996	478
0	997	478
0	998	478
0	999	478
0	1000	478
0	1001	478
0	722	479
0	723	479
0	724	479
0	725	479
0	726	479
0	727	479
0	728	479
0	729	479
0	730	479
0	731	479
0	732	479
0	733	479
0	734	479
0	735	479
0	736	479
0	737	479
0	993	479
0	994	479
0	995	479
0	996	479
0	997	479
0	998	479
0	999	479
0	1000	479
0	1001	479
0	1002	479
0	1003	479
0	1004	479
0	1005	479
0	719	480
0	720	480
0	721	480
0	722	480
0	723	480
0	724	480
0	725	480
0	726	480
0	727	480
0	728	480
0	729	480
0	730	480
0	731	480
0	732	480
0	998	480
0	999	480
0	1000	480
0	1001	480
0	1002	480
0	1003	480
0	1004	480
0	1005	480
0	1006	480
0	1007	480
0	1008	480
0	1009	480
0	668	481
0	669	481
0	670	481
0	671	481
0	672	481
0	673	481
0	674	481
0	675	481
0	676	481
0	677	481
0	681	481
0	682	481
0	714	481
0	715	481
0	716	481
0	717	481
0	718	481
0	719	481
0	720	481
0	721	481
0	722	481
0	723	481
0	724	481
0	725	481
0	726	481
0	727	481
0	1001	481
0	1002	481
0	1003	481
0	1004	481
0	1005	481
0	1006	481
0	1007	481
0	1008	481
0	1009	481
0	1010	481
0	1011	481
0	1012	481
0	661	482
0	662	482
0	663	482
0	664	482
0	665	482
0	666	482
0	667	482
0	668	482
0	669	482
0	670	482
0	671	482
0	672	482
0	673	482
0	674	482
0	675	482
0	676	482
0	677	482
0	678	482
0	679	482
0	680	482
0	681	482
0	682	482
0	683	482
0	684	482
0	685	482
0	686	482
0	687	482
0	712	482
0	713	482
0	714	482
0	715	482
0	716	482
0	717	482
0	718	482
0	719	482
0	720	482
0	721	482
0	722	482
0	723	482
0	1004	482
0	1005	482
0	1006	482
0	1007	482
0	1008	482
0	1009	482
0	1010	482
0	1011	482
0	1012	482
0	1013	482
0	1014	482
0	1015	482
0	657	483
0	658	483
0	659	483
0	660	483
0	661	483
0	662	483
0	663	483
0	664	483
0	665	483
0	666	483
0	667	483
0	668	483
0	669	483
0	670	483
0	671	483
0	672	483
0	673	483
0	674	483
0	675	483
0	676	483
0	677	483
0	678	483
0	679	483
0	680	483
0	681	483
0	682	483
0	683	483
0	684	483
0	685	483
0	686	483
0	687	483
0	688	483
0	689	483
0	690	483
0	709	483
0	710	483
0	711	483
0	712	483
0	713	483
0	714	483
0	715	483
0	716	483
0	717	483
0	718	483
0	719	483
0	1006	483
0	1007	483
0	1008	483
0	1009	483
0	1010	483
0	1011	483
0	1012	483
0	1013	483
0	1014	483
0	1015	483
0	1016	483
0	1017	483
0	1018	483
0	653	484
0	654	484
0	655	484
0	656	484
0	657	484
0	658	484
0	659	484
0	660	484
0	661	484
0	662	484
0	663	484
0	664	484
0	665	484
0	666	484
0	667	484
0	668	484
0	669	484
0	670	484
0	671	484
0	672	484
0	677	484
0	678	484
0	679	484
0	680	484
0	681	484
0	682	484
0	683	484
0	684	484
0	685	484
0	686	484
0	687	484
0	688	484
0	689	484
0	690	484
0	691	484
0	692	484
0	707	484
0	708	484
0	709	484
0	710	484
0	711	484
0	712	484
0	713	484
0	714	484
0	1012	484
0	1013	484
0	1014	484
0	1015	484
0	1016	484
0	1017	484
0	1018	484
0	1019	484
0	1020	484
0	1021	484
0	1022	484
0	649	485
0	650	485
0	651	485
0	652	485
0	653	485
0	654	485
0	655	485
0	656	485
0	657	485
0	658	485
0	659	485
0	660	485
0	686	485
0	687	485
0	688	485
0	689	485
0	690	485
0	691	485
0	692	485
0	693	485
0	694	485
0	704	485
0	705	485
0	706	485
0	707	485
0	708	485
0	709	485
0	710	485
0	711	485
0	1019	485
0	1020	485
0	1021	485
0	1022	485
0	1023	485
0	1024	485
0	1025	485
0	1026	485
0	645	486
0	646	486
0	647	486
0	648	486
0	649	486
0	650	486
0	651	486
0	652	486
0	653	486
0	654	486
0	689	486
0	690	486
0	691	486
0	692	486
0	693	486
0	694	486
0	695	486
0	696	486
0	701	486
0	702	486
0	703	486
0	704	486
0	705	486
0	706	486
0	707	486
0	708	486
0	709	486
0	710	486
0	1022	486
0	1023	486
0	1024	486
0	1025	486
0	1026	486
0	1027	486
0	1028	486
0	1029	486
0	1030	486
0	641	487
0	642	487
0	643	487
0	644	487
0	645	487
0	646	487
0	647	487
0	648	487
0	649	487
0	692	487
0	693	487
0	694	487
0	695	487
0	696	487
0	697	487
0	698	487
0	699	487
0	700	487
0	701	487
0	702	487
0	703	487
0	704	487
0	705	487
0	706	487
0	707	487
0	1024	487
0	1025	487
0	1026	487
0	1027	487
0	1028	487
0	1029	487
0	1030	487
0	1031	487
0	1032	487
0	1033	487
0	636	488
0	637	488
0	638	488
0	639	488
0	640	488
0	641	488
0	642	488
0	643	488
0	644	488
0	645	488
0	695	488
0	696	488
0	697	488
0	698	488
0	699	488
0	700	488
0	701	488
0	702	488
0	703	488
0	704	488
0	705	488
0	1027	488
0	1028	488
0	1029	488
0	1030	488
0	1031	488
0	1032	488
0	1033	488
0	1034	488
0	1035	488
0	633	489
0	634	489
0	635	489
0	636	489
0	637	489
0	638	489
0	639	489
0	640	489
0	641	489
0	642	489
0	643	489
0	695	489
0	696	489
0	697	489
0	698	489
0	699	489
0	700	489
0	1031	489
0	1032	489
0	1033	489
0	1034	489
0	1035	489
0	1036	489
0	1037	489
0	1038	489
0	630	490
0	631	490
0	632	490
0	633	490
0	634	490
0	635	490
0	636	490
0	637	490
0	638	490
0	639	490
0	696	490
0	697	490
0	698	490
0	1032	490
0	1033	490
0	1034	490
0	1035	490
0	1036	490
0	1037	490
0	1038	490
0	1039	490
0	1040	490
0	628	491
0	629	491
0	630	491
0	631	491
0	632	491
0	633	491
0	634	491
0	635	491
0	697	491
0	1036	491
0	1037	491
0	1038	491
0	1039	491
0	1040	491
0	1041	491
0	1042	491
0	625	492
0	626	492
0	627	492
0	628	492
0	629	492
0	630	492
0	631	492
0	632	492
0	633	492
0	1039	492
0	1040	492
0	1041	492
0	1042	492
0	1043	492
0	1044	492
0	1045	492
0	1046	492
0	623	493
0	624	493
0	625	493
0	626	493
0	627	493
0	628	493
0	629	493
0	1041	493
0	1042	493
0	1043	493
0	1044	493
0	1045	493
0	1046	493
0	1047	493
0	622	494
0	623	494
0	624	494
0	625	494
0	626	494
0	627	494
0	1042	494
0	1043	494
0	1044	494
0	1045	494
0	1046	494
0	1047	494
0	1048	494
0	1049	494
0	1050	494
0	620	495
0	621	495
0	622	495
0	623	495
0	624	495
0	625	495
0	1047	495
0	1048	495
0	1049	495
0	1050	495
0	1051	495
0	1052	495
0	1053	495
0	618	496
0	619	496
0	620	496
0	621	496
0	622	496
0	1049	496
0	1050	496
0	1051	496
0	1052	496
0	1053	496
0	1054	496
0	1055	496
0	616	497
0	617	497
0	618	497
0	619	497
0	620	497
0	621	497
0	1051	497
0	1052	497
0	1053	497
0	1054	497
0	1055	497
0	1056	497
0	1057	497
0	1058	497
0	614	498
0	615	498
0	616	498
0	617	498
0	618	498
0	619	498
0	1054	498
0	1055	498
0	1056	498
0	1057	498
0	1058	498
0	1059	498
0	613	499
0	614	499
0	615	499
0	616	499
0	617	499
0	1055	499
0	1056	499
0	1057	499
0	1058	499
0	1059	499
0	1060	499
0	1061	499
0	611	500
0	612	500
0	613	500
0	614	500
0	615	500
0	1058	500
0	1059	500
0	1060	500
0	1061	500
0	1062	500
0	1063	500
0	1064	500
0	610	501
0	611	501
0	612	501
0	613	501
0	614	501
0	1060	501
0	1061	501
0	1062	501
0	1063	501
0	1064	501
0	1065	501
0	1066	501
0	609	502
0	610	502
0	611	502
0	612	502
0	1062	502
0	1063	502
0	1064	502
0	1065	502
0	1066	502
0	1067	502
0	1068	502
0	607	503
0	608	503
0	609	503
0	610	503
0	1064	503
0	1065	503
0	1066	503
0	1067	503
0	1068	503
0	1069	503
0	1070	503
0	1071	503
0	606	504
0	607	504
0	608	504
0	609	504
0	1067	504
0	1068	504
0	1069	504
0	1070	504
0	1071	504
0	1072	504
0	1073	504
0	605	505
0	606	505
0	607	505
0	1069	505
0	1070	505
0	1071	505
0	1072	505
0	1073	505
0	1074	505
0	1075	505
0	1076	505
0	603	506
0	604	506
0	605	506
0	606	506
0	1072	506
0	1073	506
0	1074	506
0	1075	506
0	1076	506
0	1077	506
0	1078	506
0	602	507
0	603	507
0	604	507
0	605	507
0	1075	507
0	1076	507
0	1077	507
0	1078	507
0	1079	507
0	1080	507
0	601	508
0	602	508
0	603	508
0	604	508
0	1076	508
0	1077	508
0	1078	508
0	1079	508
0	1080	508
0	1081	508
0	600	509
0	601	509
0	602	509
0	1078	509
0	1079	509
0	1080	509
0	1081	509
0	1082	509
0	1083	509
0	598	510
0	599	510
0	600	510
0	601	510
0	1080	510
0	1081	510
0	1082	510
0	1083	510
0	1084	510
0	1085	510
0	597	511
0	598	511
0	599	511
0	600	511
0	1082	511
0	1083	511
0	1084	511
0	1085	511
0	1086	511
0	596	512
0	597	512
0	598	512
0	1084	512
0	1085	512
0	1086	512
0	1087	512
0	1088	512
0	595	513
0	596	513
0	597	513
0	1085	513
0	1086	513
0	1087	513
0	1088	513
0	1089	513
0	594	514
0	595	514
0	596	514
0	597	514
0	1087	514
0	1088	514
0	1089	514
0	1090	514
0	593	515
0	594	515
0	595	515
0	596	515
0	1089	515
0	1090	515
0	1091	515
0	1092	515
0	593	516
0	594	516
0	595	516
0	1090	516
0	1091	516
0	1092	516
0	1093	516
0	1094	516
0	593	517
0	594	517
0	1091	517
0	1092	517
0	1093	517
0	1094	517
0	1095	517
0	1096	517
0	592	518
0	593	518
0	594	518
0	1093	518
0	1094	518
0	1095	518
0	1096	518
0	1097	518
0	1098	518
0	1099	518
0	592	519
0	593	519
0	888	519
0	889	519
0	890	519
0	891	519
0	892	519
0	893	519
0	894	519
0	895	519
0	896	519
0	897	519
0	898	519
0	899	519
0	900	519
0	901	519
0	902	519
0	1097	519
0	1098	519
0	1099	519
0	1100	519
0	1101	519
0	1102	519
0	591	520
0	592	520
0	883	520
0	884	520
0	885	520
0	886	520
0	887	520
0	888	520
0	889	520
0	890	520
0	891	520
0	892	520
0	893	520
0	894	520
0	895	520
0	896	520
0	897	520
0	898	520
0	899	520
0	900	520
0	901	520
0	902	520
0	903	520
0	904	520
0	1101	520
0	1102	520
0	1103	520
0	1104	520
0	590	521
0	591	521
0	877	521
0	878	521
0	879	521
0	880	521
0	881	521
0	882	521
0	883	521
0	884	521
0	885	521
0	886	521
0	887	521
0	888	521
0	889	521
0	890	521
0	891	521
0	892	521
0	893	521
0	894	521
0	895	521
0	896	521
0	897	521
0	898	521
0	899	521
0	900	521
0	901	521
0	902	521
0	903	521
0	904	521
0	1105	521
0	1106	521
0	1107	521
0	590	522
0	591	522
0	872	522
0	873	522
0	874	522
0	875	522
0	876	522
0	877	522
0	878	522
0	879	522
0	880	522
0	881	522
0	882	522
0	883	522
0	884	522
0	885	522
0	886	522
0	887	522
0	888	522
0	889	522
0	896	522
0	897	522
0	898	522
0	899	522
0	900	522
0	901	522
0	902	522
0	903	522
0	904	522
0	905	522
0	906	522
0	907	522
0	1106	522
0	1107	522
0	1108	522
0	1109	522
0	589	523
0	590	523
0	868	523
0	869	523
0	870	523
0	871	523
0	872	523
0	873	523
0	874	523
0	875	523
0	876	523
0	877	523
0	878	523
0	879	523
0	880	523
0	881	523
0	882	523
0	883	523
0	898	523
0	899	523
0	900	523
0	901	523
0	902	523
0	903	523
0	904	523
0	905	523
0	906	523
0	907	523
0	908	523
0	909	523
0	1108	523
0	1109	523
0	1110	523
0	1111	523
0	1112	523
0	1113	523
0	588	524
0	589	524
0	590	524
0	862	524
0	863	524
0	864	524
0	865	524
0	866	524
0	867	524
0	868	524
0	869	524
0	870	524
0	871	524
0	872	524
0	873	524
0	874	524
0	875	524
0	876	524
0	877	524
0	878	524
0	879	524
0	880	524
0	881	524
0	882	524
0	903	524
0	904	524
0	905	524
0	906	524
0	907	524
0	908	524
0	909	524
0	910	524
0	911	524
0	1110	524
0	1111	524
0	1112	524
0	1113	524
0	1114	524
0	1115	524
0	1116	524
0	588	525
0	589	525
0	856	525
0	857	525
0	858	525
0	859	525
0	860	525
0	861	525
0	862	525
0	863	525
0	864	525
0	865	525
0	866	525
0	867	525
0	868	525
0	869	525
0	870	525
0	871	525
0	872	525
0	873	525
0	874	525
0	875	525
0	876	525
0	877	525
0	906	525
0	907	525
0	908	525
0	909	525
0	910	525
0	911	525
0	912	525
0	913	525
0	914	525
0	915	525
0	1113	525
0	1114	525
0	1115	525
0	1116	525
0	1117	525
0	1118	525
0	1119	525
0	587	526
0	588	526
0	589	526
0	854	526
0	855	526
0	856	526
0	857	526
0	858	526
0	859	526
0	860	526
0	861	526
0	862	526
0	863	526
0	864	526
0	865	526
0	866	526
0	867	526
0	868	526
0	869	526
0	908	526
0	909	526
0	910	526
0	911	526
0	912	526
0	913	526
0	914	526
0	915	526
0	916	526
0	917	526
0	918	526
0	919	526
0	920	526
0	1115	526
0	1116	526
0	1117	526
0	1118	526
0	1119	526
0	1120	526
0	1121	526
0	587	527
0	588	527
0	853	527
0	854	527
0	855	527
0	856	527
0	857	527
0	858	527
0	859	527
0	860	527
0	861	527
0	862	527
0	863	527
0	864	527
0	865	527
0	909	527
0	910	527
0	911	527
0	912	527
0	913	527
0	914	527
0	915	527
0	916	527
0	917	527
0	918	527
0	919	527
0	920	527
0	921	527
0	922	527
0	923	527
0	1117	527
0	1118	527
0	1119	527
0	1120	527
0	1121	527
0	1122	527
0	1123	527
0	1124	527
0	1125	527
0	1126	527
0	586	528
0	587	528
0	588	528
0	852	528
0	853	528
0	854	528
0	855	528
0	856	528
0	857	528
0	858	528
0	859	528
0	860	528
0	911	528
0	912	528
0	913	528
0	914	528
0	915	528
0	916	528
0	917	528
0	918	528
0	919	528
0	920	528
0	921	528
0	922	528
0	923	528
0	924	528
0	925	528
0	1121	528
0	1122	528
0	1123	528
0	1124	528
0	1125	528
0	1126	528
0	1127	528
0	1128	528
0	586	529
0	587	529
0	850	529
0	851	529
0	852	529
0	853	529
0	854	529
0	855	529
0	856	529
0	857	529
0	915	529
0	916	529
0	917	529
0	918	529
0	919	529
0	920	529
0	921	529
0	922	529
0	923	529
0	924	529
0	925	529
0	926	529
0	927	529
0	1125	529
0	1126	529
0	1127	529
0	1128	529
0	1129	529
0	1130	529
0	1131	529
0	1132	529
0	1133	529
0	585	530
0	586	530
0	587	530
0	849	530
0	850	530
0	851	530
0	852	530
0	853	530
0	854	530
0	855	530
0	918	530
0	919	530
0	920	530
0	921	530
0	922	530
0	923	530
0	924	530
0	925	530
0	926	530
0	927	530
0	928	530
0	929	530
0	930	530
0	1127	530
0	1128	530
0	1129	530
0	1130	530
0	1131	530
0	1132	530
0	1133	530
0	1134	530
0	1135	530
0	1136	530
0	585	531
0	586	531
0	847	531
0	848	531
0	849	531
0	850	531
0	851	531
0	852	531
0	853	531
0	920	531
0	921	531
0	922	531
0	923	531
0	924	531
0	925	531
0	926	531
0	927	531
0	928	531
0	929	531
0	930	531
0	931	531
0	932	531
0	1131	531
0	1132	531
0	1133	531
0	1134	531
0	1135	531
0	1136	531
0	1137	531
0	1138	531
0	585	532
0	586	532
0	846	532
0	847	532
0	848	532
0	849	532
0	850	532
0	851	532
0	852	532
0	922	532
0	923	532
0	924	532
0	925	532
0	926	532
0	927	532
0	928	532
0	929	532
0	930	532
0	931	532
0	932	532
0	933	532
0	934	532
0	935	532
0	936	532
0	1133	532
0	1134	532
0	1135	532
0	1136	532
0	1137	532
0	1138	532
0	584	533
0	585	533
0	844	533
0	845	533
0	846	533
0	847	533
0	848	533
0	849	533
0	926	533
0	927	533
0	928	533
0	929	533
0	930	533
0	931	533
0	932	533
0	933	533
0	934	533
0	935	533
0	936	533
0	937	533
0	938	533
0	1136	533
0	1137	533
0	1138	533
0	583	534
0	584	534
0	585	534
0	843	534
0	844	534
0	845	534
0	846	534
0	847	534
0	848	534
0	929	534
0	930	534
0	931	534
0	932	534
0	933	534
0	934	534
0	935	534
0	936	534
0	937	534
0	938	534
0	939	534
0	940	534
0	941	534
0	942	534
0	583	535
0	584	535
0	585	535
0	841	535
0	842	535
0	843	535
0	844	535
0	845	535
0	846	535
0	847	535
0	931	535
0	932	535
0	933	535
0	934	535
0	935	535
0	936	535
0	937	535
0	938	535
0	939	535
0	940	535
0	941	535
0	942	535
0	943	535
0	944	535
0	945	535
0	583	536
0	584	536
0	840	536
0	841	536
0	842	536
0	843	536
0	844	536
0	845	536
0	846	536
0	935	536
0	936	536
0	937	536
0	938	536
0	939	536
0	940	536
0	941	536
0	942	536
0	943	536
0	944	536
0	945	536
0	946	536
0	947	536
0	948	536
0	949	536
0	950	536
0	951	536
0	582	537
0	583	537
0	584	537
0	838	537
0	839	537
0	840	537
0	841	537
0	842	537
0	843	537
0	844	537
0	845	537
0	939	537
0	940	537
0	941	537
0	942	537
0	943	537
0	944	537
0	945	537
0	946	537
0	947	537
0	948	537
0	949	537
0	950	537
0	951	537
0	952	537
0	953	537
0	954	537
0	955	537
0	582	538
0	583	538
0	584	538
0	836	538
0	837	538
0	838	538
0	839	538
0	840	538
0	841	538
0	842	538
0	843	538
0	944	538
0	947	538
0	948	538
0	949	538
0	950	538
0	951	538
0	952	538
0	953	538
0	954	538
0	955	538
0	956	538
0	957	538
0	958	538
0	582	539
0	583	539
0	835	539
0	836	539
0	837	539
0	838	539
0	839	539
0	840	539
0	841	539
0	950	539
0	951	539
0	952	539
0	953	539
0	954	539
0	955	539
0	956	539
0	957	539
0	958	539
0	959	539
0	960	539
0	961	539
0	962	539
0	963	539
0	964	539
0	582	540
0	583	540
0	833	540
0	834	540
0	835	540
0	836	540
0	837	540
0	838	540
0	954	540
0	955	540
0	956	540
0	957	540
0	958	540
0	959	540
0	960	540
0	961	540
0	962	540
0	963	540
0	964	540
0	965	540
0	966	540
0	967	540
0	968	540
0	969	540
0	970	540
0	581	541
0	582	541
0	583	541
0	831	541
0	832	541
0	833	541
0	834	541
0	835	541
0	836	541
0	837	541
0	958	541
0	959	541
0	960	541
0	961	541
0	962	541
0	963	541
0	964	541
0	965	541
0	966	541
0	967	541
0	968	541
0	969	541
0	970	541
0	971	541
0	972	541
0	973	541
0	974	541
0	975	541
0	581	542
0	582	542
0	828	542
0	829	542
0	830	542
0	831	542
0	832	542
0	833	542
0	834	542
0	835	542
0	836	542
0	961	542
0	962	542
0	963	542
0	964	542
0	965	542
0	966	542
0	967	542
0	968	542
0	969	542
0	970	542
0	971	542
0	972	542
0	973	542
0	974	542
0	975	542
0	976	542
0	977	542
0	978	542
0	979	542
0	980	542
0	581	543
0	582	543
0	826	543
0	827	543
0	828	543
0	829	543
0	830	543
0	831	543
0	832	543
0	833	543
0	964	543
0	965	543
0	966	543
0	967	543
0	968	543
0	969	543
0	970	543
0	971	543
0	972	543
0	973	543
0	974	543
0	975	543
0	976	543
0	977	543
0	978	543
0	979	543
0	980	543
0	981	543
0	982	543
0	983	543
0	984	543
0	581	544
0	582	544
0	824	544
0	825	544
0	826	544
0	827	544
0	828	544
0	829	544
0	830	544
0	831	544
0	970	544
0	971	544
0	972	544
0	973	544
0	974	544
0	975	544
0	976	544
0	977	544
0	978	544
0	979	544
0	980	544
0	981	544
0	982	544
0	983	544
0	984	544
0	985	544
0	986	544
0	987	544
0	988	544
0	989	544
0	580	545
0	581	545
0	822	545
0	823	545
0	824	545
0	825	545
0	826	545
0	827	545
0	828	545
0	829	545
0	830	545
0	977	545
0	978	545
0	979	545
0	980	545
0	981	545
0	982	545
0	983	545
0	984	545
0	985	545
0	986	545
0	987	545
0	988	545
0	989	545
0	990	545
0	991	545
0	992	545
0	993	545
0	994	545
0	995	545
0	996	545
0	997	545
0	998	545
0	580	546
0	581	546
0	820	546
0	821	546
0	822	546
0	823	546
0	824	546
0	825	546
0	826	546
0	827	546
0	986	546
0	987	546
0	988	546
0	989	546
0	990	546
0	991	546
0	992	546
0	993	546
0	994	546
0	995	546
0	996	546
0	997	546
0	998	546
0	999	546
0	1000	546
0	1001	546
0	1002	546
0	1003	546
0	1004	546
0	1005	546
0	1006	546
0	1007	546
0	580	547
0	581	547
0	818	547
0	819	547
0	820	547
0	821	547
0	822	547
0	823	547
0	824	547
0	825	547
0	826	547
0	990	547
0	991	547
0	992	547
0	993	547
0	994	547
0	995	547
0	996	547
0	997	547
0	998	547
0	999	547
0	1000	547
0	1001	547
0	1002	547
0	1003	547
0	1004	547
0	1005	547
0	1006	547
0	1007	547
0	1008	547
0	1009	547
0	1010	547
0	1011	547
0	1012	547
0	1013	547
0	580	548
0	816	548
0	817	548
0	818	548
0	819	548
0	820	548
0	821	548
0	822	548
0	823	548
0	824	548
0	997	548
0	998	548
0	999	548
0	1000	548
0	1001	548
0	1002	548
0	1003	548
0	1004	548
0	1005	548
0	1006	548
0	1007	548
0	1008	548
0	1009	548
0	1010	548
0	1011	548
0	1012	548
0	1013	548
0	1014	548
0	1015	548
0	1016	548
0	580	549
0	814	549
0	815	549
0	816	549
0	817	549
0	818	549
0	819	549
0	820	549
0	821	549
0	822	549
0	823	549
0	1005	549
0	1006	549
0	1007	549
0	1008	549
0	1009	549
0	1010	549
0	1011	549
0	1012	549
0	1013	549
0	1014	549
0	1015	549
0	1016	549
0	1017	549
0	1018	549
0	1019	549
0	1020	549
0	1021	549
0	579	550
0	580	550
0	811	550
0	812	550
0	813	550
0	814	550
0	815	550
0	816	550
0	817	550
0	818	550
0	1011	550
0	1012	550
0	1013	550
0	1014	550
0	1015	550
0	1016	550
0	1017	550
0	1018	550
0	1019	550
0	1020	550
0	1021	550
0	1022	550
0	1023	550
0	1024	550
0	1025	550
0	1026	550
0	579	551
0	580	551
0	809	551
0	810	551
0	811	551
0	812	551
0	813	551
0	814	551
0	815	551
0	816	551
0	817	551
0	1021	551
0	1022	551
0	1023	551
0	1024	551
0	1025	551
0	1026	551
0	1027	551
0	1028	551
0	1029	551
0	1030	551
0	1031	551
0	1032	551
0	579	552
0	580	552
0	806	552
0	807	552
0	808	552
0	809	552
0	810	552
0	811	552
0	812	552
0	813	552
0	814	552
0	1026	552
0	1027	552
0	1028	552
0	1029	552
0	1030	552
0	1031	552
0	1032	552
0	1033	552
0	1034	552
0	1035	552
0	1036	552
0	1037	552
0	1038	552
0	1039	552
0	579	553
0	580	553
0	804	553
0	805	553
0	806	553
0	807	553
0	808	553
0	809	553
0	810	553
0	811	553
0	812	553
0	1033	553
0	1034	553
0	1035	553
0	1036	553
0	1037	553
0	1038	553
0	1039	553
0	1040	553
0	1041	553
0	1042	553
0	1043	553
0	1044	553
0	1045	553
0	1046	553
0	579	554
0	580	554
0	802	554
0	803	554
0	804	554
0	805	554
0	806	554
0	807	554
0	808	554
0	1035	554
0	1036	554
0	1037	554
0	1038	554
0	1039	554
0	1040	554
0	1043	554
0	1044	554
0	1045	554
0	1046	554
0	1047	554
0	1048	554
0	1049	554
0	1050	554
0	1051	554
0	579	555
0	580	555
0	798	555
0	799	555
0	800	555
0	801	555
0	802	555
0	803	555
0	804	555
0	805	555
0	806	555
0	807	555
0	1046	555
0	1047	555
0	1048	555
0	1049	555
0	1050	555
0	1051	555
0	1052	555
0	1053	555
0	1054	555
0	1055	555
0	1056	555
0	1057	555
0	1059	555
0	578	556
0	579	556
0	580	556
0	796	556
0	797	556
0	798	556
0	799	556
0	800	556
0	801	556
0	802	556
0	803	556
0	804	556
0	805	556
0	1052	556
0	1053	556
0	1054	556
0	1055	556
0	1056	556
0	1057	556
0	1058	556
0	1059	556
0	1060	556
0	1061	556
0	1062	556
0	1063	556
0	578	557
0	579	557
0	580	557
0	793	557
0	794	557
0	795	557
0	796	557
0	797	557
0	798	557
0	799	557
0	800	557
0	801	557
0	1055	557
0	1056	557
0	1057	557
0	1058	557
0	1059	557
0	1060	557
0	1061	557
0	1062	557
0	1063	557
0	1064	557
0	1065	557
0	1066	557
0	578	558
0	579	558
0	791	558
0	792	558
0	793	558
0	794	558
0	795	558
0	796	558
0	797	558
0	798	558
0	799	558
0	800	558
0	1059	558
0	1060	558
0	1061	558
0	1062	558
0	1063	558
0	1064	558
0	1065	558
0	1066	558
0	1067	558
0	1068	558
0	1069	558
0	1070	558
0	578	559
0	579	559
0	789	559
0	790	559
0	791	559
0	792	559
0	793	559
0	794	559
0	795	559
0	796	559
0	797	559
0	1062	559
0	1063	559
0	1064	559
0	1065	559
0	1066	559
0	1067	559
0	1068	559
0	1069	559
0	1070	559
0	1071	559
0	1072	559
0	1073	559
0	1074	559
0	1075	559
0	578	560
0	579	560
0	786	560
0	787	560
0	788	560
0	789	560
0	790	560
0	791	560
0	792	560
0	793	560
0	1065	560
0	1066	560
0	1067	560
0	1068	560
0	1069	560
0	1070	560
0	1071	560
0	1072	560
0	1073	560
0	1074	560
0	1075	560
0	1076	560
0	1077	560
0	1078	560
0	1079	560
0	578	561
0	579	561
0	783	561
0	784	561
0	785	561
0	786	561
0	787	561
0	788	561
0	789	561
0	790	561
0	791	561
0	1069	561
0	1070	561
0	1071	561
0	1072	561
0	1073	561
0	1074	561
0	1075	561
0	1076	561
0	1077	561
0	1078	561
0	1079	561
0	1080	561
0	1081	561
0	1082	561
0	578	562
0	579	562
0	580	562
0	782	562
0	783	562
0	784	562
0	785	562
0	786	562
0	787	562
0	788	562
0	789	562
0	1072	562
0	1073	562
0	1074	562
0	1075	562
0	1076	562
0	1077	562
0	1078	562
0	1079	562
0	1080	562
0	1081	562
0	1082	562
0	1083	562
0	1084	562
0	1085	562
0	1086	562
0	579	563
0	580	563
0	778	563
0	779	563
0	780	563
0	781	563
0	782	563
0	783	563
0	784	563
0	1078	563
0	1079	563
0	1080	563
0	1081	563
0	1082	563
0	1083	563
0	1084	563
0	1085	563
0	1086	563
0	1087	563
0	1088	563
0	1089	563
0	1090	563
0	1091	563
0	579	564
0	580	564
0	581	564
0	775	564
0	776	564
0	777	564
0	778	564
0	779	564
0	780	564
0	781	564
0	782	564
0	1080	564
0	1081	564
0	1082	564
0	1083	564
0	1084	564
0	1085	564
0	1086	564
0	1087	564
0	1088	564
0	1089	564
0	1090	564
0	1091	564
0	1092	564
0	1093	564
0	1094	564
0	1095	564
0	580	565
0	581	565
0	773	565
0	774	565
0	775	565
0	776	565
0	777	565
0	778	565
0	779	565
0	780	565
0	781	565
0	1088	565
0	1089	565
0	1090	565
0	1091	565
0	1092	565
0	1093	565
0	1094	565
0	1095	565
0	1096	565
0	1097	565
0	1098	565
0	1099	565
0	1100	565
0	580	566
0	581	566
0	582	566
0	771	566
0	772	566
0	773	566
0	774	566
0	775	566
0	776	566
0	777	566
0	778	566
0	779	566
0	780	566
0	1090	566
0	1091	566
0	1092	566
0	1093	566
0	1094	566
0	1095	566
0	1096	566
0	1097	566
0	1098	566
0	1099	566
0	1100	566
0	1101	566
0	1102	566
0	1103	566
0	1104	566
0	580	567
0	581	567
0	582	567
0	768	567
0	769	567
0	770	567
0	771	567
0	772	567
0	773	567
0	774	567
0	775	567
0	776	567
0	777	567
0	1094	567
0	1095	567
0	1096	567
0	1097	567
0	1098	567
0	1099	567
0	1100	567
0	1101	567
0	1102	567
0	1103	567
0	1104	567
0	1105	567
0	1106	567
0	1107	567
0	1108	567
0	1109	567
0	1110	567
0	1111	567
0	579	568
0	580	568
0	581	568
0	582	568
0	583	568
0	765	568
0	766	568
0	767	568
0	768	568
0	769	568
0	770	568
0	771	568
0	772	568
0	773	568
0	1098	568
0	1099	568
0	1100	568
0	1101	568
0	1102	568
0	1103	568
0	1104	568
0	1105	568
0	1106	568
0	1107	568
0	1108	568
0	1109	568
0	1110	568
0	1111	568
0	1112	568
0	1113	568
0	1114	568
0	1115	568
0	580	569
0	581	569
0	582	569
0	583	569
0	762	569
0	763	569
0	764	569
0	765	569
0	766	569
0	767	569
0	768	569
0	769	569
0	770	569
0	771	569
0	1107	569
0	1108	569
0	1109	569
0	1110	569
0	1111	569
0	1112	569
0	1113	569
0	1114	569
0	1115	569
0	1116	569
0	1117	569
0	1118	569
0	1119	569
0	1120	569
0	1121	569
0	581	570
0	582	570
0	583	570
0	759	570
0	760	570
0	761	570
0	762	570
0	763	570
0	764	570
0	765	570
0	766	570
0	767	570
0	768	570
0	1111	570
0	1112	570
0	1113	570
0	1114	570
0	1115	570
0	1116	570
0	1117	570
0	1118	570
0	1119	570
0	1120	570
0	1121	570
0	1122	570
0	1123	570
0	1124	570
0	1125	570
0	1126	570
0	582	571
0	583	571
0	756	571
0	757	571
0	758	571
0	759	571
0	760	571
0	761	571
0	762	571
0	763	571
0	764	571
0	765	571
0	766	571
0	1116	571
0	1117	571
0	1118	571
0	1119	571
0	1120	571
0	1121	571
0	1122	571
0	1123	571
0	1124	571
0	1125	571
0	1126	571
0	1127	571
0	1128	571
0	1129	571
0	1130	571
0	582	572
0	583	572
0	584	572
0	754	572
0	755	572
0	756	572
0	757	572
0	758	572
0	759	572
0	760	572
0	761	572
0	762	572
0	763	572
0	764	572
0	1120	572
0	1121	572
0	1122	572
0	1123	572
0	1124	572
0	1125	572
0	1126	572
0	1127	572
0	1128	572
0	1129	572
0	1130	572
0	1131	572
0	1132	572
0	1133	572
0	583	573
0	584	573
0	751	573
0	752	573
0	753	573
0	754	573
0	755	573
0	756	573
0	757	573
0	758	573
0	759	573
0	1128	573
0	1129	573
0	1130	573
0	1131	573
0	1132	573
0	1133	573
0	1134	573
0	1135	573
0	1136	573
0	583	574
0	584	574
0	585	574
0	748	574
0	749	574
0	750	574
0	751	574
0	752	574
0	753	574
0	754	574
0	755	574
0	756	574
0	757	574
0	758	574
0	1130	574
0	1131	574
0	1132	574
0	1133	574
0	1134	574
0	1135	574
0	1136	574
0	1137	574
0	1138	574
0	584	575
0	585	575
0	745	575
0	746	575
0	747	575
0	748	575
0	749	575
0	750	575
0	751	575
0	752	575
0	753	575
0	754	575
0	1133	575
0	1134	575
0	1135	575
0	1136	575
0	1137	575
0	1138	575
0	584	576
0	585	576
0	742	576
0	743	576
0	744	576
0	745	576
0	746	576
0	747	576
0	748	576
0	749	576
0	750	576
0	751	576
0	1136	576
0	1137	576
0	1138	576
0	585	577
0	586	577
0	739	577
0	740	577
0	741	577
0	742	577
0	743	577
0	744	577
0	745	577
0	746	577
0	747	577
0	1138	577
0	585	578
0	586	578
0	587	578
0	735	578
0	736	578
0	737	578
0	738	578
0	739	578
0	740	578
0	741	578
0	742	578
0	743	578
0	744	578
0	586	579
0	587	579
0	731	579
0	732	579
0	733	579
0	734	579
0	735	579
0	736	579
0	737	579
0	738	579
0	739	579
0	740	579
0	586	580
0	587	580
0	588	580
0	728	580
0	729	580
0	730	580
0	731	580
0	732	580
0	733	580
0	734	580
0	735	580
0	736	580
0	737	580
0	738	580
0	739	580
0	587	581
0	588	581
0	724	581
0	725	581
0	726	581
0	727	581
0	728	581
0	729	581
0	730	581
0	731	581
0	732	581
0	733	581
0	734	581
0	735	581
0	588	582
0	589	582
0	721	582
0	722	582
0	723	582
0	724	582
0	725	582
0	726	582
0	727	582
0	728	582
0	729	582
0	730	582
0	731	582
0	732	582
0	589	583
0	590	583
0	717	583
0	718	583
0	719	583
0	720	583
0	721	583
0	722	583
0	723	583
0	724	583
0	725	583
0	726	583
0	727	583
0	728	583
0	729	583
0	589	584
0	590	584
0	591	584
0	713	584
0	714	584
0	715	584
0	716	584
0	717	584
0	718	584
0	719	584
0	720	584
0	721	584
0	722	584
0	723	584
0	724	584
0	725	584
0	726	584
0	590	585
0	591	585
0	710	585
0	711	585
0	712	585
0	713	585
0	714	585
0	715	585
0	716	585
0	717	585
0	718	585
0	719	585
0	720	585
0	721	585
0	590	586
0	591	586
0	592	586
0	705	586
0	706	586
0	707	586
0	708	586
0	709	586
0	710	586
0	711	586
0	712	586
0	713	586
0	714	586
0	715	586
0	716	586
0	717	586
0	718	586
0	719	586
0	591	587
0	592	587
0	593	587
0	698	587
0	699	587
0	700	587
0	701	587
0	702	587
0	703	587
0	704	587
0	705	587
0	706	587
0	707	587
0	708	587
0	709	587
0	710	587
0	711	587
0	712	587
0	713	587
0	714	587
0	715	587
0	716	587
0	592	588
0	593	588
0	594	588
0	698	588
0	699	588
0	700	588
0	701	588
0	702	588
0	703	588
0	704	588
0	705	588
0	706	588
0	707	588
0	708	588
0	709	588
0	710	588
0	711	588
0	712	588
0	593	589
0	594	589
0	595	589
0	698	589
0	699	589
0	700	589
0	701	589
0	702	589
0	703	589
0	704	589
0	705	589
0	706	589
0	594	590
0	595	590
0	596	590
0	697	590
0	698	590
0	699	590
0	700	590
0	701	590
0	702	590
0	703	590
0	596	591
0	597	591
0	598	591
0	695	591
0	696	591
0	697	591
0	698	591
0	699	591
0	700	591
0	701	591
0	597	592
0	598	592
0	599	592
0	694	592
0	695	592
0	696	592
0	697	592
0	698	592
0	699	592
0	700	592
0	598	593
0	599	593
0	600	593
0	601	593
0	692	593
0	693	593
0	694	593
0	695	593
0	696	593
0	697	593
0	698	593
0	599	594
0	600	594
0	601	594
0	602	594
0	603	594
0	691	594
0	692	594
0	693	594
0	694	594
0	695	594
0	696	594
0	697	594
0	600	595
0	601	595
0	602	595
0	603	595
0	604	595
0	689	595
0	690	595
0	691	595
0	692	595
0	693	595
0	694	595
0	695	595
0	601	596
0	602	596
0	603	596
0	604	596
0	605	596
0	606	596
0	686	596
0	687	596
0	688	596
0	689	596
0	690	596
0	691	596
0	692	596
0	603	597
0	604	597
0	605	597
0	606	597
0	607	597
0	608	597
0	609	597
0	684	597
0	685	597
0	686	597
0	687	597
0	688	597
0	689	597
0	690	597
0	691	597
0	605	598
0	606	598
0	607	598
0	608	598
0	609	598
0	610	598
0	611	598
0	644	598
0	645	598
0	646	598
0	647	598
0	648	598
0	680	598
0	681	598
0	682	598
0	683	598
0	684	598
0	685	598
0	686	598
0	687	598
0	688	598
0	607	599
0	608	599
0	609	599
0	610	599
0	611	599
0	612	599
0	613	599
0	614	599
0	615	599
0	638	599
0	639	599
0	640	599
0	641	599
0	642	599
0	643	599
0	644	599
0	645	599
0	646	599
0	647	599
0	648	599
0	649	599
0	650	599
0	651	599
0	652	599
0	674	599
0	675	599
0	676	599
0	677	599
0	678	599
0	679	599
0	680	599
0	681	599
0	682	599
0	683	599
0	684	599
0	611	600
0	612	600
0	613	600
0	614	600
0	615	600
0	616	600
0	617	600
0	618	600
0	619	600
0	620	600
0	630	600
0	631	600
0	632	600
0	633	600
0	634	600
0	635	600
0	636	600
0	637	600
0	638	600
0	639	600
0	640	600
0	641	600
0	642	600
0	643	600
0	644	600
0	645	600
0	646	600
0	647	600
0	648	600
0	649	600
0	650	600
0	651	600
0	652	600
0	653	600
0	654	600
0	655	600
0	656	600
0	657	600
0	658	600
0	659	600
0	660	600
0	661	600
0	664	600
0	665	600
0	666	600
0	667	600
0	668	600
0	669	600
0	670	600
0	671	600
0	672	600
0	673	600
0	674	600
0	675	600
0	676	600
0	677	600
0	678	600
0	679	600
0	680	600
0	681	600
0	682	600
0	613	601
0	614	601
0	615	601
0	616	601
0	617	601
0	618	601
0	619	601
0	620	601
0	621	601
0	622	601
0	623	601
0	624	601
0	625	601
0	626	601
0	627	601
0	628	601
0	629	601
0	630	601
0	631	601
0	632	601
0	633	601
0	634	601
0	635	601
0	636	601
0	637	601
0	638	601
0	650	601
0	651	601
0	652	601
0	653	601
0	654	601
0	655	601
0	656	601
0	657	601
0	658	601
0	659	601
0	660	601
0	661	601
0	662	601
0	663	601
0	664	601
0	665	601
0	666	601
0	667	601
0	668	601
0	669	601
0	670	601
0	671	601
0	672	601
0	673	601
0	674	601
0	675	601
0	676	601
0	677	601
0	678	601
0	679	601
0	615	602
0	616	602
0	617	602
0	618	602
0	619	602
0	620	602
0	621	602
0	622	602
0	623	602
0	624	602
0	625	602
0	626	602
0	627	602
0	628	602
0	629	602
0	630	602
0	631	602
0	632	602
0	633	602
0	634	602
0	635	602
0	636	602
0	652	602
0	653	602
0	654	602
0	655	602
0	656	602
0	657	602
0	658	602
0	659	602
0	660	602
0	661	602
0	662	602
0	663	602
0	664	602
0	665	602
0	666	602
0	667	602
0	668	602
0	669	602
0	670	602
0	671	602
0	672	602
0	673	602
0	674	602
0	619	603
0	620	603
0	625	603
0	626	603
0	627	603
0	657	603
0	658	603
0	659	603
0	660	603
0	661	603
0	662	603
0	663	603
0	664	603
0	665	603
0	666	603
0	662	604
0	663	604
0	664	604
