0	1622	183
0	1623	183
0	1624	183
0	1625	183
0	1626	183
0	1627	183
0	1628	183
0	1629	183
0	1630	183
0	1631	183
0	1632	183
0	1633	183
0	1634	183
0	1635	183
0	1636	183
0	1637	183
0	1638	183
0	1639	183
0	1640	183
0	1641	183
0	1642	183
0	1643	183
0	1644	183
0	1645	183
0	1646	183
0	1647	183
0	1648	183
0	1649	183
0	1650	183
0	1651	183
0	1652	183
0	1653	183
0	1654	183
0	1655	183
0	1656	183
0	1619	184
0	1620	184
0	1621	184
0	1622	184
0	1623	184
0	1624	184
0	1625	184
0	1626	184
0	1627	184
0	1628	184
0	1629	184
0	1630	184
0	1631	184
0	1632	184
0	1633	184
0	1634	184
0	1635	184
0	1636	184
0	1637	184
0	1638	184
0	1639	184
0	1640	184
0	1641	184
0	1642	184
0	1643	184
0	1644	184
0	1645	184
0	1646	184
0	1647	184
0	1648	184
0	1649	184
0	1650	184
0	1651	184
0	1652	184
0	1653	184
0	1654	184
0	1655	184
0	1656	184
0	1657	184
0	1658	184
0	1659	184
0	1660	184
0	1661	184
0	1662	184
0	1663	184
0	1664	184
0	1665	184
0	1666	184
0	1667	184
0	1668	184
0	1612	185
0	1613	185
0	1614	185
0	1615	185
0	1616	185
0	1617	185
0	1618	185
0	1619	185
0	1620	185
0	1621	185
0	1622	185
0	1623	185
0	1624	185
0	1625	185
0	1626	185
0	1627	185
0	1628	185
0	1629	185
0	1630	185
0	1631	185
0	1632	185
0	1633	185
0	1634	185
0	1635	185
0	1636	185
0	1637	185
0	1638	185
0	1639	185
0	1640	185
0	1641	185
0	1642	185
0	1643	185
0	1644	185
0	1645	185
0	1646	185
0	1647	185
0	1648	185
0	1649	185
0	1650	185
0	1651	185
0	1652	185
0	1653	185
0	1654	185
0	1655	185
0	1656	185
0	1657	185
0	1658	185
0	1659	185
0	1660	185
0	1661	185
0	1662	185
0	1663	185
0	1664	185
0	1665	185
0	1666	185
0	1667	185
0	1668	185
0	1669	185
0	1670	185
0	1671	185
0	1672	185
0	1673	185
0	1674	185
0	1675	185
0	1676	185
0	1677	185
0	1678	185
0	1264	186
0	1265	186
0	1266	186
0	1267	186
0	1268	186
0	1269	186
0	1272	186
0	1603	186
0	1604	186
0	1605	186
0	1606	186
0	1607	186
0	1608	186
0	1609	186
0	1610	186
0	1611	186
0	1612	186
0	1613	186
0	1614	186
0	1615	186
0	1616	186
0	1617	186
0	1618	186
0	1619	186
0	1620	186
0	1621	186
0	1622	186
0	1623	186
0	1624	186
0	1625	186
0	1626	186
0	1627	186
0	1628	186
0	1629	186
0	1630	186
0	1660	186
0	1661	186
0	1662	186
0	1663	186
0	1664	186
0	1665	186
0	1666	186
0	1667	186
0	1668	186
0	1669	186
0	1670	186
0	1671	186
0	1672	186
0	1673	186
0	1674	186
0	1675	186
0	1676	186
0	1677	186
0	1678	186
0	1679	186
0	1680	186
0	1681	186
0	1682	186
0	1242	187
0	1243	187
0	1244	187
0	1245	187
0	1246	187
0	1247	187
0	1248	187
0	1249	187
0	1250	187
0	1251	187
0	1252	187
0	1253	187
0	1254	187
0	1255	187
0	1256	187
0	1257	187
0	1258	187
0	1259	187
0	1260	187
0	1261	187
0	1262	187
0	1263	187
0	1264	187
0	1265	187
0	1266	187
0	1267	187
0	1268	187
0	1269	187
0	1270	187
0	1271	187
0	1272	187
0	1273	187
0	1274	187
0	1275	187
0	1276	187
0	1277	187
0	1278	187
0	1279	187
0	1280	187
0	1281	187
0	1282	187
0	1283	187
0	1284	187
0	1285	187
0	1286	187
0	1287	187
0	1288	187
0	1289	187
0	1290	187
0	1598	187
0	1599	187
0	1600	187
0	1601	187
0	1602	187
0	1603	187
0	1604	187
0	1605	187
0	1606	187
0	1607	187
0	1608	187
0	1609	187
0	1610	187
0	1611	187
0	1612	187
0	1613	187
0	1614	187
0	1615	187
0	1616	187
0	1617	187
0	1618	187
0	1619	187
0	1620	187
0	1672	187
0	1673	187
0	1674	187
0	1675	187
0	1676	187
0	1677	187
0	1678	187
0	1679	187
0	1680	187
0	1681	187
0	1682	187
0	1683	187
0	1684	187
0	1685	187
0	1686	187
0	1687	187
0	1688	187
0	1689	187
0	1690	187
0	1691	187
0	1692	187
0	1223	188
0	1224	188
0	1225	188
0	1236	188
0	1237	188
0	1238	188
0	1239	188
0	1240	188
0	1241	188
0	1242	188
0	1243	188
0	1244	188
0	1245	188
0	1246	188
0	1247	188
0	1248	188
0	1249	188
0	1250	188
0	1251	188
0	1252	188
0	1253	188
0	1254	188
0	1255	188
0	1256	188
0	1257	188
0	1258	188
0	1259	188
0	1260	188
0	1261	188
0	1262	188
0	1263	188
0	1264	188
0	1265	188
0	1266	188
0	1267	188
0	1268	188
0	1269	188
0	1270	188
0	1271	188
0	1272	188
0	1273	188
0	1274	188
0	1275	188
0	1276	188
0	1277	188
0	1278	188
0	1279	188
0	1280	188
0	1281	188
0	1282	188
0	1283	188
0	1284	188
0	1285	188
0	1286	188
0	1287	188
0	1288	188
0	1289	188
0	1290	188
0	1291	188
0	1292	188
0	1293	188
0	1294	188
0	1295	188
0	1296	188
0	1297	188
0	1298	188
0	1299	188
0	1300	188
0	1301	188
0	1302	188
0	1303	188
0	1304	188
0	1593	188
0	1594	188
0	1595	188
0	1596	188
0	1597	188
0	1598	188
0	1599	188
0	1600	188
0	1601	188
0	1602	188
0	1603	188
0	1604	188
0	1605	188
0	1606	188
0	1607	188
0	1608	188
0	1609	188
0	1610	188
0	1611	188
0	1612	188
0	1613	188
0	1614	188
0	1615	188
0	1616	188
0	1680	188
0	1681	188
0	1682	188
0	1683	188
0	1684	188
0	1685	188
0	1686	188
0	1687	188
0	1688	188
0	1689	188
0	1690	188
0	1691	188
0	1692	188
0	1693	188
0	1694	188
0	1695	188
0	1696	188
0	1697	188
0	1698	188
0	1223	189
0	1224	189
0	1225	189
0	1226	189
0	1227	189
0	1228	189
0	1229	189
0	1230	189
0	1231	189
0	1232	189
0	1233	189
0	1234	189
0	1235	189
0	1236	189
0	1237	189
0	1238	189
0	1239	189
0	1240	189
0	1241	189
0	1242	189
0	1243	189
0	1244	189
0	1245	189
0	1246	189
0	1247	189
0	1248	189
0	1249	189
0	1250	189
0	1251	189
0	1252	189
0	1253	189
0	1254	189
0	1255	189
0	1256	189
0	1257	189
0	1258	189
0	1259	189
0	1260	189
0	1261	189
0	1262	189
0	1263	189
0	1264	189
0	1265	189
0	1266	189
0	1267	189
0	1268	189
0	1269	189
0	1270	189
0	1271	189
0	1272	189
0	1273	189
0	1274	189
0	1275	189
0	1276	189
0	1277	189
0	1278	189
0	1279	189
0	1280	189
0	1281	189
0	1282	189
0	1283	189
0	1284	189
0	1285	189
0	1286	189
0	1287	189
0	1288	189
0	1289	189
0	1290	189
0	1291	189
0	1292	189
0	1293	189
0	1294	189
0	1295	189
0	1296	189
0	1297	189
0	1298	189
0	1299	189
0	1300	189
0	1301	189
0	1302	189
0	1303	189
0	1304	189
0	1305	189
0	1306	189
0	1307	189
0	1308	189
0	1309	189
0	1310	189
0	1311	189
0	1312	189
0	1588	189
0	1591	189
0	1592	189
0	1593	189
0	1594	189
0	1595	189
0	1596	189
0	1597	189
0	1598	189
0	1599	189
0	1600	189
0	1601	189
0	1602	189
0	1603	189
0	1604	189
0	1605	189
0	1606	189
0	1686	189
0	1687	189
0	1688	189
0	1689	189
0	1690	189
0	1691	189
0	1692	189
0	1693	189
0	1694	189
0	1695	189
0	1696	189
0	1697	189
0	1698	189
0	1699	189
0	1700	189
0	1701	189
0	1702	189
0	1703	189
0	1216	190
0	1217	190
0	1218	190
0	1223	190
0	1224	190
0	1225	190
0	1226	190
0	1227	190
0	1228	190
0	1229	190
0	1230	190
0	1231	190
0	1232	190
0	1233	190
0	1234	190
0	1235	190
0	1236	190
0	1237	190
0	1238	190
0	1239	190
0	1240	190
0	1241	190
0	1242	190
0	1243	190
0	1244	190
0	1245	190
0	1246	190
0	1247	190
0	1248	190
0	1249	190
0	1250	190
0	1251	190
0	1252	190
0	1253	190
0	1254	190
0	1279	190
0	1280	190
0	1281	190
0	1282	190
0	1283	190
0	1284	190
0	1285	190
0	1286	190
0	1287	190
0	1288	190
0	1289	190
0	1290	190
0	1291	190
0	1292	190
0	1293	190
0	1294	190
0	1295	190
0	1296	190
0	1297	190
0	1298	190
0	1299	190
0	1300	190
0	1301	190
0	1302	190
0	1303	190
0	1304	190
0	1305	190
0	1306	190
0	1307	190
0	1308	190
0	1309	190
0	1310	190
0	1311	190
0	1312	190
0	1313	190
0	1314	190
0	1315	190
0	1316	190
0	1317	190
0	1318	190
0	1583	190
0	1584	190
0	1585	190
0	1586	190
0	1587	190
0	1588	190
0	1589	190
0	1590	190
0	1591	190
0	1592	190
0	1593	190
0	1594	190
0	1595	190
0	1596	190
0	1597	190
0	1598	190
0	1599	190
0	1694	190
0	1695	190
0	1696	190
0	1697	190
0	1698	190
0	1699	190
0	1700	190
0	1701	190
0	1702	190
0	1703	190
0	1704	190
0	1705	190
0	1706	190
0	1707	190
0	1227	191
0	1228	191
0	1229	191
0	1230	191
0	1231	191
0	1232	191
0	1233	191
0	1234	191
0	1235	191
0	1236	191
0	1237	191
0	1238	191
0	1239	191
0	1297	191
0	1298	191
0	1299	191
0	1300	191
0	1301	191
0	1302	191
0	1303	191
0	1304	191
0	1305	191
0	1306	191
0	1307	191
0	1308	191
0	1309	191
0	1310	191
0	1311	191
0	1312	191
0	1313	191
0	1314	191
0	1315	191
0	1316	191
0	1317	191
0	1318	191
0	1319	191
0	1320	191
0	1321	191
0	1322	191
0	1323	191
0	1324	191
0	1325	191
0	1326	191
0	1327	191
0	1578	191
0	1579	191
0	1580	191
0	1581	191
0	1582	191
0	1583	191
0	1584	191
0	1585	191
0	1586	191
0	1587	191
0	1588	191
0	1589	191
0	1590	191
0	1591	191
0	1592	191
0	1593	191
0	1594	191
0	1595	191
0	1596	191
0	1698	191
0	1699	191
0	1700	191
0	1701	191
0	1702	191
0	1703	191
0	1704	191
0	1705	191
0	1706	191
0	1707	191
0	1708	191
0	1709	191
0	1710	191
0	1711	191
0	1228	192
0	1229	192
0	1230	192
0	1231	192
0	1232	192
0	1233	192
0	1306	192
0	1307	192
0	1308	192
0	1309	192
0	1310	192
0	1311	192
0	1312	192
0	1313	192
0	1314	192
0	1315	192
0	1316	192
0	1317	192
0	1318	192
0	1319	192
0	1320	192
0	1321	192
0	1322	192
0	1323	192
0	1324	192
0	1325	192
0	1326	192
0	1327	192
0	1328	192
0	1329	192
0	1330	192
0	1331	192
0	1332	192
0	1333	192
0	1334	192
0	1335	192
0	1577	192
0	1578	192
0	1579	192
0	1580	192
0	1581	192
0	1582	192
0	1583	192
0	1584	192
0	1585	192
0	1586	192
0	1587	192
0	1588	192
0	1589	192
0	1590	192
0	1591	192
0	1592	192
0	1593	192
0	1702	192
0	1703	192
0	1704	192
0	1705	192
0	1706	192
0	1707	192
0	1708	192
0	1709	192
0	1710	192
0	1711	192
0	1712	192
0	1713	192
0	1714	192
0	1715	192
0	1230	193
0	1314	193
0	1315	193
0	1316	193
0	1317	193
0	1318	193
0	1319	193
0	1320	193
0	1321	193
0	1322	193
0	1323	193
0	1324	193
0	1325	193
0	1326	193
0	1327	193
0	1328	193
0	1329	193
0	1330	193
0	1331	193
0	1332	193
0	1333	193
0	1334	193
0	1335	193
0	1336	193
0	1337	193
0	1338	193
0	1339	193
0	1340	193
0	1341	193
0	1342	193
0	1574	193
0	1575	193
0	1576	193
0	1577	193
0	1578	193
0	1579	193
0	1580	193
0	1581	193
0	1582	193
0	1583	193
0	1584	193
0	1585	193
0	1586	193
0	1587	193
0	1706	193
0	1707	193
0	1708	193
0	1709	193
0	1710	193
0	1711	193
0	1712	193
0	1713	193
0	1714	193
0	1715	193
0	1716	193
0	1717	193
0	1718	193
0	1320	194
0	1321	194
0	1322	194
0	1323	194
0	1324	194
0	1325	194
0	1326	194
0	1327	194
0	1328	194
0	1329	194
0	1330	194
0	1331	194
0	1332	194
0	1333	194
0	1334	194
0	1335	194
0	1336	194
0	1337	194
0	1338	194
0	1339	194
0	1340	194
0	1341	194
0	1342	194
0	1343	194
0	1344	194
0	1345	194
0	1346	194
0	1347	194
0	1571	194
0	1572	194
0	1573	194
0	1574	194
0	1575	194
0	1576	194
0	1577	194
0	1578	194
0	1579	194
0	1580	194
0	1581	194
0	1582	194
0	1712	194
0	1713	194
0	1714	194
0	1715	194
0	1716	194
0	1717	194
0	1718	194
0	1719	194
0	1720	194
0	1721	194
0	1722	194
0	1331	195
0	1332	195
0	1333	195
0	1334	195
0	1335	195
0	1336	195
0	1337	195
0	1338	195
0	1339	195
0	1340	195
0	1341	195
0	1342	195
0	1343	195
0	1344	195
0	1345	195
0	1346	195
0	1347	195
0	1348	195
0	1349	195
0	1350	195
0	1351	195
0	1352	195
0	1568	195
0	1569	195
0	1570	195
0	1571	195
0	1572	195
0	1573	195
0	1574	195
0	1575	195
0	1576	195
0	1577	195
0	1578	195
0	1579	195
0	1714	195
0	1715	195
0	1716	195
0	1717	195
0	1718	195
0	1719	195
0	1720	195
0	1721	195
0	1722	195
0	1723	195
0	1724	195
0	1725	195
0	1335	196
0	1336	196
0	1337	196
0	1338	196
0	1339	196
0	1340	196
0	1341	196
0	1342	196
0	1343	196
0	1344	196
0	1345	196
0	1346	196
0	1347	196
0	1348	196
0	1349	196
0	1350	196
0	1351	196
0	1352	196
0	1353	196
0	1354	196
0	1355	196
0	1356	196
0	1564	196
0	1565	196
0	1566	196
0	1567	196
0	1568	196
0	1569	196
0	1570	196
0	1571	196
0	1572	196
0	1573	196
0	1574	196
0	1575	196
0	1576	196
0	1717	196
0	1718	196
0	1719	196
0	1720	196
0	1721	196
0	1722	196
0	1723	196
0	1724	196
0	1725	196
0	1726	196
0	1343	197
0	1344	197
0	1345	197
0	1346	197
0	1347	197
0	1348	197
0	1349	197
0	1350	197
0	1351	197
0	1352	197
0	1353	197
0	1354	197
0	1355	197
0	1356	197
0	1357	197
0	1358	197
0	1359	197
0	1360	197
0	1361	197
0	1362	197
0	1363	197
0	1560	197
0	1561	197
0	1562	197
0	1563	197
0	1564	197
0	1565	197
0	1566	197
0	1567	197
0	1568	197
0	1569	197
0	1570	197
0	1571	197
0	1572	197
0	1721	197
0	1722	197
0	1723	197
0	1724	197
0	1725	197
0	1726	197
0	1727	197
0	1728	197
0	1349	198
0	1350	198
0	1351	198
0	1352	198
0	1353	198
0	1354	198
0	1355	198
0	1356	198
0	1357	198
0	1358	198
0	1359	198
0	1360	198
0	1361	198
0	1362	198
0	1363	198
0	1364	198
0	1365	198
0	1366	198
0	1367	198
0	1558	198
0	1559	198
0	1560	198
0	1561	198
0	1562	198
0	1563	198
0	1564	198
0	1565	198
0	1566	198
0	1567	198
0	1568	198
0	1569	198
0	1570	198
0	1725	198
0	1726	198
0	1727	198
0	1728	198
0	1729	198
0	1730	198
0	1352	199
0	1353	199
0	1354	199
0	1355	199
0	1356	199
0	1357	199
0	1358	199
0	1359	199
0	1360	199
0	1361	199
0	1362	199
0	1363	199
0	1364	199
0	1365	199
0	1366	199
0	1367	199
0	1368	199
0	1369	199
0	1370	199
0	1371	199
0	1554	199
0	1555	199
0	1556	199
0	1557	199
0	1558	199
0	1559	199
0	1560	199
0	1561	199
0	1562	199
0	1563	199
0	1564	199
0	1565	199
0	1728	199
0	1729	199
0	1730	199
0	1731	199
0	1732	199
0	1733	199
0	1734	199
0	1358	200
0	1359	200
0	1360	200
0	1361	200
0	1362	200
0	1363	200
0	1364	200
0	1365	200
0	1366	200
0	1367	200
0	1368	200
0	1369	200
0	1370	200
0	1371	200
0	1372	200
0	1373	200
0	1374	200
0	1375	200
0	1376	200
0	1377	200
0	1378	200
0	1551	200
0	1552	200
0	1553	200
0	1554	200
0	1555	200
0	1556	200
0	1557	200
0	1558	200
0	1559	200
0	1560	200
0	1731	200
0	1732	200
0	1733	200
0	1734	200
0	1735	200
0	1736	200
0	1737	200
0	1363	201
0	1364	201
0	1365	201
0	1366	201
0	1367	201
0	1368	201
0	1369	201
0	1370	201
0	1371	201
0	1372	201
0	1373	201
0	1374	201
0	1375	201
0	1376	201
0	1377	201
0	1378	201
0	1379	201
0	1380	201
0	1381	201
0	1382	201
0	1548	201
0	1549	201
0	1550	201
0	1551	201
0	1552	201
0	1553	201
0	1554	201
0	1555	201
0	1556	201
0	1734	201
0	1735	201
0	1736	201
0	1737	201
0	1738	201
0	1739	201
0	1740	201
0	1370	202
0	1371	202
0	1372	202
0	1373	202
0	1374	202
0	1375	202
0	1376	202
0	1377	202
0	1378	202
0	1379	202
0	1380	202
0	1381	202
0	1382	202
0	1383	202
0	1384	202
0	1385	202
0	1386	202
0	1387	202
0	1388	202
0	1543	202
0	1544	202
0	1545	202
0	1546	202
0	1547	202
0	1548	202
0	1549	202
0	1550	202
0	1551	202
0	1552	202
0	1553	202
0	1554	202
0	1737	202
0	1738	202
0	1739	202
0	1740	202
0	1741	202
0	1742	202
0	1377	203
0	1378	203
0	1379	203
0	1380	203
0	1381	203
0	1382	203
0	1383	203
0	1384	203
0	1385	203
0	1386	203
0	1387	203
0	1388	203
0	1389	203
0	1390	203
0	1391	203
0	1392	203
0	1393	203
0	1540	203
0	1541	203
0	1542	203
0	1543	203
0	1544	203
0	1545	203
0	1546	203
0	1547	203
0	1548	203
0	1549	203
0	1550	203
0	1740	203
0	1741	203
0	1742	203
0	1743	203
0	1744	203
0	1382	204
0	1383	204
0	1384	204
0	1385	204
0	1386	204
0	1387	204
0	1388	204
0	1389	204
0	1390	204
0	1391	204
0	1392	204
0	1393	204
0	1394	204
0	1395	204
0	1396	204
0	1397	204
0	1401	204
0	1402	204
0	1535	204
0	1536	204
0	1537	204
0	1538	204
0	1539	204
0	1540	204
0	1541	204
0	1542	204
0	1543	204
0	1544	204
0	1545	204
0	1743	204
0	1744	204
0	1745	204
0	1746	204
0	1747	204
0	1748	204
0	1749	204
0	1750	204
0	1751	204
0	1752	204
0	1753	204
0	1754	204
0	1755	204
0	1756	204
0	1387	205
0	1388	205
0	1389	205
0	1390	205
0	1391	205
0	1392	205
0	1393	205
0	1394	205
0	1395	205
0	1396	205
0	1397	205
0	1398	205
0	1399	205
0	1400	205
0	1401	205
0	1402	205
0	1403	205
0	1404	205
0	1405	205
0	1406	205
0	1407	205
0	1408	205
0	1409	205
0	1410	205
0	1411	205
0	1412	205
0	1413	205
0	1414	205
0	1415	205
0	1416	205
0	1417	205
0	1418	205
0	1419	205
0	1420	205
0	1421	205
0	1422	205
0	1529	205
0	1530	205
0	1531	205
0	1532	205
0	1533	205
0	1534	205
0	1535	205
0	1536	205
0	1537	205
0	1538	205
0	1539	205
0	1540	205
0	1541	205
0	1542	205
0	1745	205
0	1746	205
0	1747	205
0	1748	205
0	1749	205
0	1750	205
0	1751	205
0	1752	205
0	1753	205
0	1754	205
0	1755	205
0	1756	205
0	1757	205
0	1758	205
0	1759	205
0	1760	205
0	1761	205
0	1762	205
0	1763	205
0	1764	205
0	1765	205
0	1766	205
0	1767	205
0	1394	206
0	1395	206
0	1396	206
0	1397	206
0	1398	206
0	1399	206
0	1400	206
0	1401	206
0	1402	206
0	1403	206
0	1404	206
0	1405	206
0	1406	206
0	1407	206
0	1408	206
0	1409	206
0	1410	206
0	1411	206
0	1412	206
0	1413	206
0	1414	206
0	1415	206
0	1416	206
0	1417	206
0	1418	206
0	1419	206
0	1420	206
0	1421	206
0	1422	206
0	1423	206
0	1424	206
0	1425	206
0	1426	206
0	1427	206
0	1431	206
0	1432	206
0	1527	206
0	1528	206
0	1529	206
0	1530	206
0	1531	206
0	1532	206
0	1533	206
0	1534	206
0	1535	206
0	1536	206
0	1537	206
0	1538	206
0	1765	206
0	1766	206
0	1767	206
0	1768	206
0	1769	206
0	1770	206
0	1771	206
0	1772	206
0	1773	206
0	1774	206
0	1775	206
0	1400	207
0	1401	207
0	1402	207
0	1403	207
0	1404	207
0	1405	207
0	1406	207
0	1407	207
0	1408	207
0	1409	207
0	1410	207
0	1411	207
0	1412	207
0	1413	207
0	1414	207
0	1415	207
0	1416	207
0	1417	207
0	1418	207
0	1419	207
0	1420	207
0	1421	207
0	1422	207
0	1423	207
0	1424	207
0	1425	207
0	1426	207
0	1427	207
0	1428	207
0	1429	207
0	1430	207
0	1431	207
0	1432	207
0	1433	207
0	1434	207
0	1435	207
0	1436	207
0	1437	207
0	1438	207
0	1490	207
0	1524	207
0	1525	207
0	1526	207
0	1527	207
0	1528	207
0	1529	207
0	1530	207
0	1531	207
0	1532	207
0	1533	207
0	1534	207
0	1535	207
0	1771	207
0	1772	207
0	1773	207
0	1774	207
0	1775	207
0	1776	207
0	1777	207
0	1778	207
0	1779	207
0	1780	207
0	1781	207
0	1782	207
0	1783	207
0	1784	207
0	1785	207
0	1408	208
0	1409	208
0	1410	208
0	1411	208
0	1412	208
0	1413	208
0	1419	208
0	1420	208
0	1421	208
0	1422	208
0	1423	208
0	1424	208
0	1425	208
0	1426	208
0	1427	208
0	1428	208
0	1429	208
0	1430	208
0	1431	208
0	1432	208
0	1433	208
0	1434	208
0	1435	208
0	1436	208
0	1437	208
0	1438	208
0	1439	208
0	1440	208
0	1441	208
0	1442	208
0	1443	208
0	1444	208
0	1445	208
0	1446	208
0	1450	208
0	1451	208
0	1452	208
0	1453	208
0	1454	208
0	1455	208
0	1456	208
0	1457	208
0	1458	208
0	1467	208
0	1468	208
0	1469	208
0	1470	208
0	1471	208
0	1472	208
0	1473	208
0	1474	208
0	1475	208
0	1477	208
0	1478	208
0	1479	208
0	1480	208
0	1481	208
0	1482	208
0	1483	208
0	1484	208
0	1485	208
0	1486	208
0	1487	208
0	1488	208
0	1489	208
0	1490	208
0	1491	208
0	1492	208
0	1493	208
0	1494	208
0	1495	208
0	1496	208
0	1497	208
0	1520	208
0	1521	208
0	1522	208
0	1523	208
0	1524	208
0	1525	208
0	1526	208
0	1527	208
0	1528	208
0	1529	208
0	1530	208
0	1531	208
0	1774	208
0	1775	208
0	1776	208
0	1777	208
0	1778	208
0	1779	208
0	1780	208
0	1781	208
0	1782	208
0	1783	208
0	1784	208
0	1785	208
0	1786	208
0	1787	208
0	1788	208
0	1789	208
0	1790	208
0	1791	208
0	1792	208
0	1793	208
0	1794	208
0	1429	209
0	1430	209
0	1431	209
0	1432	209
0	1433	209
0	1434	209
0	1435	209
0	1436	209
0	1437	209
0	1438	209
0	1439	209
0	1440	209
0	1441	209
0	1442	209
0	1443	209
0	1444	209
0	1445	209
0	1446	209
0	1447	209
0	1448	209
0	1449	209
0	1450	209
0	1451	209
0	1452	209
0	1453	209
0	1454	209
0	1455	209
0	1456	209
0	1457	209
0	1458	209
0	1459	209
0	1460	209
0	1461	209
0	1462	209
0	1463	209
0	1464	209
0	1465	209
0	1466	209
0	1467	209
0	1468	209
0	1469	209
0	1470	209
0	1471	209
0	1472	209
0	1473	209
0	1474	209
0	1475	209
0	1476	209
0	1477	209
0	1478	209
0	1479	209
0	1480	209
0	1481	209
0	1482	209
0	1483	209
0	1484	209
0	1485	209
0	1486	209
0	1487	209
0	1488	209
0	1489	209
0	1490	209
0	1491	209
0	1492	209
0	1493	209
0	1494	209
0	1495	209
0	1496	209
0	1497	209
0	1498	209
0	1499	209
0	1500	209
0	1501	209
0	1502	209
0	1503	209
0	1504	209
0	1505	209
0	1506	209
0	1507	209
0	1508	209
0	1509	209
0	1510	209
0	1511	209
0	1512	209
0	1513	209
0	1514	209
0	1515	209
0	1516	209
0	1517	209
0	1518	209
0	1519	209
0	1520	209
0	1521	209
0	1522	209
0	1523	209
0	1524	209
0	1525	209
0	1526	209
0	1527	209
0	1528	209
0	1529	209
0	1783	209
0	1784	209
0	1785	209
0	1786	209
0	1787	209
0	1788	209
0	1789	209
0	1790	209
0	1791	209
0	1792	209
0	1793	209
0	1794	209
0	1795	209
0	1796	209
0	1797	209
0	1798	209
0	1799	209
0	1800	209
0	1804	209
0	1438	210
0	1439	210
0	1440	210
0	1441	210
0	1442	210
0	1445	210
0	1446	210
0	1447	210
0	1448	210
0	1449	210
0	1450	210
0	1451	210
0	1452	210
0	1453	210
0	1454	210
0	1455	210
0	1456	210
0	1457	210
0	1458	210
0	1459	210
0	1460	210
0	1461	210
0	1462	210
0	1463	210
0	1464	210
0	1465	210
0	1466	210
0	1467	210
0	1468	210
0	1469	210
0	1470	210
0	1471	210
0	1472	210
0	1473	210
0	1474	210
0	1475	210
0	1476	210
0	1477	210
0	1478	210
0	1479	210
0	1480	210
0	1481	210
0	1482	210
0	1483	210
0	1484	210
0	1485	210
0	1486	210
0	1487	210
0	1488	210
0	1489	210
0	1490	210
0	1491	210
0	1492	210
0	1493	210
0	1494	210
0	1495	210
0	1496	210
0	1497	210
0	1498	210
0	1499	210
0	1500	210
0	1501	210
0	1502	210
0	1503	210
0	1504	210
0	1505	210
0	1506	210
0	1507	210
0	1508	210
0	1509	210
0	1510	210
0	1511	210
0	1512	210
0	1513	210
0	1514	210
0	1515	210
0	1516	210
0	1517	210
0	1518	210
0	1519	210
0	1520	210
0	1521	210
0	1788	210
0	1789	210
0	1790	210
0	1791	210
0	1792	210
0	1793	210
0	1794	210
0	1795	210
0	1796	210
0	1797	210
0	1798	210
0	1799	210
0	1800	210
0	1801	210
0	1802	210
0	1803	210
0	1804	210
0	1805	210
0	1806	210
0	1807	210
0	1808	210
0	1455	211
0	1456	211
0	1457	211
0	1458	211
0	1459	211
0	1460	211
0	1461	211
0	1462	211
0	1463	211
0	1464	211
0	1465	211
0	1466	211
0	1467	211
0	1468	211
0	1469	211
0	1470	211
0	1471	211
0	1472	211
0	1480	211
0	1481	211
0	1482	211
0	1483	211
0	1484	211
0	1485	211
0	1486	211
0	1487	211
0	1488	211
0	1489	211
0	1490	211
0	1491	211
0	1492	211
0	1493	211
0	1494	211
0	1495	211
0	1496	211
0	1497	211
0	1498	211
0	1499	211
0	1500	211
0	1501	211
0	1502	211
0	1503	211
0	1504	211
0	1505	211
0	1506	211
0	1507	211
0	1508	211
0	1509	211
0	1510	211
0	1511	211
0	1512	211
0	1513	211
0	1514	211
0	1515	211
0	1516	211
0	1517	211
0	1518	211
0	1797	211
0	1798	211
0	1799	211
0	1800	211
0	1801	211
0	1802	211
0	1803	211
0	1804	211
0	1805	211
0	1806	211
0	1807	211
0	1808	211
0	1809	211
0	1810	211
0	1811	211
0	1812	211
0	1813	211
0	1802	212
0	1803	212
0	1804	212
0	1805	212
0	1806	212
0	1807	212
0	1808	212
0	1809	212
0	1810	212
0	1811	212
0	1812	212
0	1813	212
0	1814	212
0	1815	212
0	1816	212
0	1817	212
0	1818	212
0	1809	213
0	1810	213
0	1811	213
0	1812	213
0	1813	213
0	1814	213
0	1815	213
0	1816	213
0	1817	213
0	1818	213
0	1819	213
0	1820	213
0	1821	213
0	1813	214
0	1814	214
0	1815	214
0	1816	214
0	1817	214
0	1818	214
0	1819	214
0	1820	214
0	1821	214
0	1822	214
0	1823	214
0	1824	214
0	1825	214
0	1826	214
0	1827	214
0	1819	215
0	1820	215
0	1821	215
0	1822	215
0	1823	215
0	1824	215
0	1825	215
0	1826	215
0	1827	215
0	1828	215
0	1829	215
0	1830	215
0	1826	216
0	1827	216
0	1828	216
0	1829	216
0	1830	216
0	1831	216
0	1832	216
0	1833	216
0	1834	216
0	1835	216
0	1830	217
0	1831	217
0	1832	217
0	1833	217
0	1834	217
0	1835	217
0	1836	217
0	1837	217
0	1838	217
0	1839	217
0	1835	218
0	1836	218
0	1837	218
0	1838	218
0	1839	218
0	1840	218
0	1841	218
0	1842	218
0	1843	218
0	1838	219
0	1839	219
0	1840	219
0	1841	219
0	1842	219
0	1843	219
0	1844	219
0	1845	219
0	1846	219
0	1847	219
0	1844	220
0	1845	220
0	1846	220
0	1847	220
0	1848	220
0	1849	220
0	1850	220
0	1851	220
0	1852	220
0	1853	220
0	1849	221
0	1850	221
0	1851	221
0	1852	221
0	1853	221
0	1854	221
0	1855	221
0	1856	221
0	1857	221
0	1852	222
0	1853	222
0	1854	222
0	1855	222
0	1856	222
0	1857	222
0	1858	222
0	1859	222
0	1860	222
0	1861	222
0	1862	222
0	1863	222
0	1856	223
0	1857	223
0	1858	223
0	1859	223
0	1860	223
0	1861	223
0	1862	223
0	1863	223
0	1864	223
0	1865	223
0	1866	223
0	1861	224
0	1862	224
0	1863	224
0	1864	224
0	1865	224
0	1866	224
0	1867	224
0	1868	224
0	1869	224
0	1870	224
0	1863	225
0	1864	225
0	1865	225
0	1866	225
0	1867	225
0	1868	225
0	1869	225
0	1870	225
0	1871	225
0	1872	225
0	1873	225
0	1874	225
0	1875	225
0	1876	225
0	1877	225
0	1870	226
0	1871	226
0	1872	226
0	1873	226
0	1874	226
0	1875	226
0	1876	226
0	1877	226
0	1878	226
0	1879	226
0	1880	226
0	1881	226
0	1873	227
0	1874	227
0	1875	227
0	1876	227
0	1877	227
0	1878	227
0	1879	227
0	1880	227
0	1881	227
0	1882	227
0	1883	227
0	1884	227
0	1885	227
0	1886	227
0	1887	227
0	1880	228
0	1881	228
0	1882	228
0	1883	228
0	1884	228
0	1885	228
0	1886	228
0	1887	228
0	1888	228
0	1889	228
0	1890	228
0	1891	228
0	1892	228
0	1893	228
0	1894	228
0	1895	228
0	1896	228
0	1897	228
0	1898	228
0	1899	228
0	1900	228
0	1886	229
0	1887	229
0	1888	229
0	1889	229
0	1890	229
0	1891	229
0	1892	229
0	1893	229
0	1894	229
0	1895	229
0	1896	229
0	1897	229
0	1898	229
0	1899	229
0	1900	229
0	1901	229
0	1902	229
0	1903	229
0	1904	229
0	1905	229
0	1906	229
0	1907	229
0	1908	229
0	1909	229
0	1910	229
0	1911	229
0	1912	229
0	1895	230
0	1896	230
0	1897	230
0	1898	230
0	1899	230
0	1900	230
0	1901	230
0	1902	230
0	1903	230
0	1904	230
0	1905	230
0	1906	230
0	1907	230
0	1908	230
0	1909	230
0	1910	230
0	1911	230
0	1912	230
0	1817	290
0	1818	290
0	1819	290
0	1820	290
0	1821	290
0	1825	290
0	1826	290
0	1827	290
0	1828	290
0	1829	290
0	1830	290
0	1831	290
0	1832	290
0	1833	290
0	1834	290
0	1835	290
0	1836	290
0	1837	290
0	1838	290
0	1839	290
0	1841	290
0	1842	290
0	1843	290
0	1844	290
0	1845	290
0	1846	290
0	1847	290
0	1848	290
0	1788	291
0	1789	291
0	1790	291
0	1791	291
0	1792	291
0	1793	291
0	1794	291
0	1795	291
0	1796	291
0	1797	291
0	1798	291
0	1799	291
0	1800	291
0	1801	291
0	1802	291
0	1803	291
0	1804	291
0	1805	291
0	1806	291
0	1807	291
0	1808	291
0	1809	291
0	1810	291
0	1811	291
0	1812	291
0	1813	291
0	1814	291
0	1815	291
0	1816	291
0	1817	291
0	1818	291
0	1819	291
0	1820	291
0	1821	291
0	1822	291
0	1823	291
0	1824	291
0	1825	291
0	1826	291
0	1827	291
0	1828	291
0	1829	291
0	1830	291
0	1831	291
0	1832	291
0	1833	291
0	1834	291
0	1835	291
0	1836	291
0	1837	291
0	1838	291
0	1839	291
0	1840	291
0	1841	291
0	1842	291
0	1843	291
0	1844	291
0	1845	291
0	1846	291
0	1847	291
0	1848	291
0	1849	291
0	1850	291
0	1851	291
0	1852	291
0	1853	291
0	1854	291
0	1855	291
0	1856	291
0	1857	291
0	1858	291
0	1859	291
0	1860	291
0	1861	291
0	1862	291
0	1863	291
0	1864	291
0	1865	291
0	1765	292
0	1766	292
0	1767	292
0	1768	292
0	1769	292
0	1770	292
0	1771	292
0	1772	292
0	1773	292
0	1774	292
0	1775	292
0	1776	292
0	1777	292
0	1778	292
0	1779	292
0	1780	292
0	1781	292
0	1782	292
0	1783	292
0	1784	292
0	1785	292
0	1786	292
0	1787	292
0	1788	292
0	1789	292
0	1790	292
0	1791	292
0	1792	292
0	1793	292
0	1794	292
0	1795	292
0	1796	292
0	1797	292
0	1798	292
0	1799	292
0	1800	292
0	1801	292
0	1802	292
0	1803	292
0	1804	292
0	1805	292
0	1806	292
0	1807	292
0	1808	292
0	1809	292
0	1810	292
0	1811	292
0	1812	292
0	1813	292
0	1814	292
0	1815	292
0	1816	292
0	1817	292
0	1818	292
0	1819	292
0	1820	292
0	1821	292
0	1822	292
0	1823	292
0	1824	292
0	1825	292
0	1826	292
0	1827	292
0	1828	292
0	1829	292
0	1830	292
0	1831	292
0	1832	292
0	1833	292
0	1834	292
0	1835	292
0	1836	292
0	1837	292
0	1838	292
0	1839	292
0	1840	292
0	1841	292
0	1842	292
0	1843	292
0	1844	292
0	1845	292
0	1846	292
0	1847	292
0	1848	292
0	1849	292
0	1850	292
0	1851	292
0	1852	292
0	1853	292
0	1854	292
0	1855	292
0	1856	292
0	1857	292
0	1858	292
0	1859	292
0	1860	292
0	1861	292
0	1862	292
0	1863	292
0	1864	292
0	1865	292
0	1866	292
0	1867	292
0	1868	292
0	1869	292
0	1870	292
0	1871	292
0	1872	292
0	1873	292
0	1874	292
0	1875	292
0	1876	292
0	1877	292
0	1754	293
0	1755	293
0	1756	293
0	1757	293
0	1758	293
0	1759	293
0	1760	293
0	1761	293
0	1762	293
0	1763	293
0	1764	293
0	1765	293
0	1766	293
0	1767	293
0	1768	293
0	1769	293
0	1770	293
0	1771	293
0	1772	293
0	1773	293
0	1774	293
0	1775	293
0	1776	293
0	1777	293
0	1778	293
0	1779	293
0	1780	293
0	1781	293
0	1782	293
0	1783	293
0	1784	293
0	1785	293
0	1786	293
0	1787	293
0	1788	293
0	1789	293
0	1790	293
0	1791	293
0	1792	293
0	1793	293
0	1794	293
0	1795	293
0	1796	293
0	1797	293
0	1798	293
0	1799	293
0	1800	293
0	1801	293
0	1802	293
0	1803	293
0	1804	293
0	1805	293
0	1806	293
0	1807	293
0	1808	293
0	1809	293
0	1810	293
0	1811	293
0	1812	293
0	1813	293
0	1850	293
0	1851	293
0	1852	293
0	1856	293
0	1865	293
0	1869	293
0	1870	293
0	1871	293
0	1872	293
0	1873	293
0	1874	293
0	1875	293
0	1876	293
0	1877	293
0	1878	293
0	1879	293
0	1880	293
0	1881	293
0	1882	293
0	1883	293
0	1884	293
0	1885	293
0	1744	294
0	1745	294
0	1746	294
0	1747	294
0	1748	294
0	1749	294
0	1750	294
0	1751	294
0	1752	294
0	1753	294
0	1754	294
0	1755	294
0	1756	294
0	1757	294
0	1758	294
0	1759	294
0	1760	294
0	1761	294
0	1762	294
0	1763	294
0	1764	294
0	1765	294
0	1766	294
0	1767	294
0	1768	294
0	1769	294
0	1770	294
0	1777	294
0	1778	294
0	1802	294
0	1875	294
0	1876	294
0	1877	294
0	1878	294
0	1879	294
0	1880	294
0	1881	294
0	1882	294
0	1883	294
0	1884	294
0	1885	294
0	1886	294
0	1887	294
0	1888	294
0	1889	294
0	1734	295
0	1735	295
0	1736	295
0	1737	295
0	1738	295
0	1739	295
0	1740	295
0	1741	295
0	1742	295
0	1743	295
0	1744	295
0	1745	295
0	1746	295
0	1747	295
0	1748	295
0	1749	295
0	1750	295
0	1751	295
0	1752	295
0	1753	295
0	1754	295
0	1755	295
0	1756	295
0	1757	295
0	1758	295
0	1880	295
0	1881	295
0	1882	295
0	1883	295
0	1884	295
0	1885	295
0	1886	295
0	1887	295
0	1888	295
0	1889	295
0	1890	295
0	1891	295
0	1892	295
0	1893	295
0	1720	296
0	1721	296
0	1722	296
0	1723	296
0	1724	296
0	1725	296
0	1726	296
0	1727	296
0	1728	296
0	1729	296
0	1730	296
0	1731	296
0	1733	296
0	1734	296
0	1735	296
0	1736	296
0	1737	296
0	1738	296
0	1739	296
0	1740	296
0	1741	296
0	1742	296
0	1743	296
0	1744	296
0	1745	296
0	1746	296
0	1747	296
0	1748	296
0	1749	296
0	1884	296
0	1885	296
0	1886	296
0	1887	296
0	1888	296
0	1889	296
0	1890	296
0	1891	296
0	1892	296
0	1893	296
0	1894	296
0	1895	296
0	1896	296
0	1897	296
0	1898	296
0	1708	297
0	1709	297
0	1710	297
0	1711	297
0	1712	297
0	1713	297
0	1714	297
0	1715	297
0	1716	297
0	1717	297
0	1718	297
0	1719	297
0	1720	297
0	1721	297
0	1722	297
0	1723	297
0	1724	297
0	1725	297
0	1726	297
0	1727	297
0	1728	297
0	1729	297
0	1734	297
0	1735	297
0	1736	297
0	1739	297
0	1740	297
0	1741	297
0	1892	297
0	1893	297
0	1894	297
0	1895	297
0	1896	297
0	1897	297
0	1898	297
0	1899	297
0	1900	297
0	1901	297
0	1902	297
0	1694	298
0	1695	298
0	1696	298
0	1697	298
0	1698	298
0	1699	298
0	1700	298
0	1701	298
0	1702	298
0	1703	298
0	1704	298
0	1705	298
0	1706	298
0	1707	298
0	1708	298
0	1709	298
0	1710	298
0	1711	298
0	1712	298
0	1713	298
0	1714	298
0	1715	298
0	1716	298
0	1717	298
0	1718	298
0	1719	298
0	1720	298
0	1721	298
0	1722	298
0	1723	298
0	1724	298
0	1725	298
0	1726	298
0	1898	298
0	1899	298
0	1900	298
0	1901	298
0	1902	298
0	1903	298
0	1904	298
0	1681	299
0	1682	299
0	1683	299
0	1685	299
0	1686	299
0	1687	299
0	1688	299
0	1689	299
0	1690	299
0	1691	299
0	1692	299
0	1693	299
0	1694	299
0	1695	299
0	1696	299
0	1697	299
0	1698	299
0	1699	299
0	1700	299
0	1701	299
0	1702	299
0	1703	299
0	1704	299
0	1705	299
0	1706	299
0	1707	299
0	1708	299
0	1709	299
0	1710	299
0	1711	299
0	1712	299
0	1713	299
0	1716	299
0	1717	299
0	1718	299
0	1719	299
0	1720	299
0	1900	299
0	1901	299
0	1902	299
0	1903	299
0	1904	299
0	1905	299
0	1906	299
0	1907	299
0	1673	300
0	1674	300
0	1675	300
0	1676	300
0	1677	300
0	1678	300
0	1679	300
0	1680	300
0	1681	300
0	1682	300
0	1683	300
0	1684	300
0	1685	300
0	1686	300
0	1687	300
0	1688	300
0	1689	300
0	1690	300
0	1691	300
0	1692	300
0	1693	300
0	1694	300
0	1695	300
0	1696	300
0	1697	300
0	1698	300
0	1699	300
0	1700	300
0	1701	300
0	1702	300
0	1703	300
0	1704	300
0	1903	300
0	1904	300
0	1905	300
0	1906	300
0	1907	300
0	1908	300
0	1909	300
0	1910	300
0	1660	301
0	1664	301
0	1665	301
0	1666	301
0	1667	301
0	1668	301
0	1669	301
0	1670	301
0	1671	301
0	1672	301
0	1673	301
0	1674	301
0	1675	301
0	1676	301
0	1677	301
0	1678	301
0	1679	301
0	1680	301
0	1681	301
0	1682	301
0	1683	301
0	1684	301
0	1685	301
0	1686	301
0	1687	301
0	1688	301
0	1689	301
0	1690	301
0	1691	301
0	1692	301
0	1906	301
0	1907	301
0	1908	301
0	1909	301
0	1910	301
0	1911	301
0	1558	302
0	1559	302
0	1560	302
0	1561	302
0	1562	302
0	1563	302
0	1564	302
0	1565	302
0	1566	302
0	1567	302
0	1568	302
0	1640	302
0	1645	302
0	1646	302
0	1647	302
0	1648	302
0	1649	302
0	1650	302
0	1651	302
0	1652	302
0	1653	302
0	1654	302
0	1655	302
0	1656	302
0	1657	302
0	1658	302
0	1659	302
0	1660	302
0	1661	302
0	1662	302
0	1663	302
0	1664	302
0	1665	302
0	1666	302
0	1667	302
0	1668	302
0	1669	302
0	1670	302
0	1671	302
0	1672	302
0	1673	302
0	1674	302
0	1675	302
0	1676	302
0	1677	302
0	1678	302
0	1679	302
0	1680	302
0	1681	302
0	1684	302
0	1909	302
0	1910	302
0	1911	302
0	1912	302
0	1553	303
0	1554	303
0	1555	303
0	1556	303
0	1557	303
0	1558	303
0	1559	303
0	1560	303
0	1561	303
0	1562	303
0	1563	303
0	1564	303
0	1565	303
0	1566	303
0	1567	303
0	1568	303
0	1569	303
0	1570	303
0	1571	303
0	1572	303
0	1573	303
0	1574	303
0	1575	303
0	1576	303
0	1577	303
0	1578	303
0	1579	303
0	1580	303
0	1581	303
0	1582	303
0	1583	303
0	1584	303
0	1585	303
0	1586	303
0	1587	303
0	1588	303
0	1589	303
0	1590	303
0	1591	303
0	1592	303
0	1593	303
0	1594	303
0	1595	303
0	1596	303
0	1597	303
0	1598	303
0	1599	303
0	1600	303
0	1601	303
0	1602	303
0	1603	303
0	1604	303
0	1605	303
0	1606	303
0	1607	303
0	1608	303
0	1609	303
0	1610	303
0	1611	303
0	1612	303
0	1613	303
0	1614	303
0	1615	303
0	1616	303
0	1617	303
0	1618	303
0	1619	303
0	1620	303
0	1621	303
0	1622	303
0	1623	303
0	1624	303
0	1625	303
0	1626	303
0	1627	303
0	1628	303
0	1629	303
0	1630	303
0	1631	303
0	1632	303
0	1633	303
0	1634	303
0	1635	303
0	1636	303
0	1637	303
0	1638	303
0	1639	303
0	1640	303
0	1641	303
0	1642	303
0	1643	303
0	1644	303
0	1645	303
0	1646	303
0	1647	303
0	1648	303
0	1649	303
0	1650	303
0	1651	303
0	1652	303
0	1653	303
0	1654	303
0	1655	303
0	1656	303
0	1657	303
0	1658	303
0	1659	303
0	1660	303
0	1661	303
0	1662	303
0	1663	303
0	1664	303
0	1665	303
0	1666	303
0	1667	303
0	1668	303
0	1669	303
0	1670	303
0	1671	303
0	1672	303
0	1673	303
0	1674	303
0	1675	303
0	1676	303
0	1911	303
0	1912	303
0	1550	304
0	1551	304
0	1552	304
0	1553	304
0	1554	304
0	1555	304
0	1556	304
0	1557	304
0	1558	304
0	1559	304
0	1560	304
0	1561	304
0	1562	304
0	1563	304
0	1564	304
0	1565	304
0	1566	304
0	1567	304
0	1568	304
0	1569	304
0	1570	304
0	1571	304
0	1572	304
0	1573	304
0	1574	304
0	1575	304
0	1576	304
0	1577	304
0	1578	304
0	1579	304
0	1580	304
0	1581	304
0	1582	304
0	1583	304
0	1584	304
0	1585	304
0	1586	304
0	1587	304
0	1588	304
0	1589	304
0	1590	304
0	1591	304
0	1592	304
0	1593	304
0	1594	304
0	1595	304
0	1596	304
0	1597	304
0	1598	304
0	1599	304
0	1600	304
0	1601	304
0	1602	304
0	1603	304
0	1604	304
0	1605	304
0	1606	304
0	1607	304
0	1608	304
0	1609	304
0	1610	304
0	1611	304
0	1612	304
0	1613	304
0	1614	304
0	1615	304
0	1616	304
0	1617	304
0	1618	304
0	1619	304
0	1620	304
0	1621	304
0	1622	304
0	1623	304
0	1624	304
0	1625	304
0	1626	304
0	1627	304
0	1628	304
0	1629	304
0	1630	304
0	1631	304
0	1632	304
0	1633	304
0	1634	304
0	1635	304
0	1636	304
0	1637	304
0	1638	304
0	1639	304
0	1640	304
0	1641	304
0	1642	304
0	1643	304
0	1644	304
0	1645	304
0	1646	304
0	1647	304
0	1648	304
0	1649	304
0	1650	304
0	1651	304
0	1652	304
0	1653	304
0	1654	304
0	1655	304
0	1656	304
0	1657	304
0	1658	304
0	1659	304
0	1660	304
0	1661	304
0	1662	304
0	1663	304
0	1664	304
0	1665	304
0	1666	304
0	1667	304
0	1668	304
0	1912	304
0	1548	305
0	1549	305
0	1550	305
0	1551	305
0	1552	305
0	1553	305
0	1554	305
0	1555	305
0	1556	305
0	1557	305
0	1558	305
0	1559	305
0	1560	305
0	1561	305
0	1562	305
0	1563	305
0	1564	305
0	1565	305
0	1566	305
0	1567	305
0	1568	305
0	1569	305
0	1573	305
0	1574	305
0	1575	305
0	1576	305
0	1577	305
0	1578	305
0	1579	305
0	1580	305
0	1581	305
0	1582	305
0	1583	305
0	1584	305
0	1585	305
0	1586	305
0	1587	305
0	1588	305
0	1589	305
0	1590	305
0	1591	305
0	1592	305
0	1593	305
0	1594	305
0	1595	305
0	1596	305
0	1597	305
0	1598	305
0	1599	305
0	1600	305
0	1601	305
0	1602	305
0	1603	305
0	1604	305
0	1605	305
0	1606	305
0	1607	305
0	1608	305
0	1609	305
0	1610	305
0	1611	305
0	1612	305
0	1613	305
0	1614	305
0	1615	305
0	1616	305
0	1617	305
0	1618	305
0	1619	305
0	1620	305
0	1621	305
0	1622	305
0	1623	305
0	1624	305
0	1625	305
0	1626	305
0	1627	305
0	1628	305
0	1629	305
0	1630	305
0	1631	305
0	1632	305
0	1633	305
0	1634	305
0	1635	305
0	1636	305
0	1637	305
0	1638	305
0	1639	305
0	1640	305
0	1641	305
0	1642	305
0	1643	305
0	1644	305
0	1645	305
0	1646	305
0	1647	305
0	1648	305
0	1649	305
0	1650	305
0	1651	305
0	1652	305
0	1653	305
0	1544	306
0	1545	306
0	1546	306
0	1547	306
0	1548	306
0	1549	306
0	1550	306
0	1551	306
0	1552	306
0	1553	306
0	1554	306
0	1555	306
0	1556	306
0	1557	306
0	1558	306
0	1559	306
0	1560	306
0	1561	306
0	1562	306
0	1563	306
0	1564	306
0	1565	306
0	1584	306
0	1585	306
0	1586	306
0	1587	306
0	1588	306
0	1589	306
0	1590	306
0	1591	306
0	1592	306
0	1593	306
0	1594	306
0	1595	306
0	1596	306
0	1597	306
0	1598	306
0	1599	306
0	1600	306
0	1601	306
0	1602	306
0	1603	306
0	1617	306
0	1618	306
0	1626	306
0	1627	306
0	1542	307
0	1543	307
0	1544	307
0	1545	307
0	1546	307
0	1547	307
0	1548	307
0	1549	307
0	1550	307
0	1551	307
0	1552	307
0	1553	307
0	1554	307
0	1555	307
0	1541	308
0	1542	308
0	1543	308
0	1544	308
0	1545	308
0	1546	308
0	1547	308
0	1548	308
0	1537	309
0	1538	309
0	1539	309
0	1540	309
0	1541	309
0	1542	309
0	1543	309
0	1544	309
0	1545	309
0	1533	310
0	1534	310
0	1535	310
0	1536	310
0	1537	310
0	1538	310
0	1539	310
0	1540	310
0	1541	310
0	1521	311
0	1522	311
0	1523	311
0	1524	311
0	1525	311
0	1526	311
0	1527	311
0	1528	311
0	1529	311
0	1530	311
0	1531	311
0	1532	311
0	1533	311
0	1534	311
0	1535	311
0	1536	311
0	1537	311
0	1538	311
0	1539	311
0	1540	311
0	1520	312
0	1521	312
0	1522	312
0	1523	312
0	1524	312
0	1525	312
0	1526	312
0	1527	312
0	1528	312
0	1529	312
0	1530	312
0	1531	312
0	1532	312
0	1533	312
0	1534	312
0	1535	312
0	1536	312
0	1537	312
0	1538	312
0	1539	312
0	1520	313
0	1521	313
0	1522	313
0	1523	313
0	1524	313
0	1525	313
0	1526	313
0	1527	313
0	1528	313
0	1529	313
0	1530	313
0	1531	313
0	1532	313
0	1533	313
0	1534	313
0	1535	313
0	1536	313
0	1537	313
0	1518	314
0	1519	314
0	1520	314
0	1521	314
0	1522	314
0	1523	314
0	1524	314
0	1525	314
0	1526	314
0	1527	314
0	1528	314
0	1529	314
0	1530	314
0	1531	314
0	1517	315
0	1518	315
0	1519	315
0	1520	315
0	1521	315
0	1515	316
0	1516	316
0	1517	316
0	1518	316
0	1519	316
0	1520	316
0	1514	317
0	1515	317
0	1516	317
0	1517	317
0	1518	317
0	1519	317
0	1512	318
0	1513	318
0	1514	318
0	1515	318
0	1516	318
0	1517	318
0	1518	318
0	1510	319
0	1511	319
0	1512	319
0	1513	319
0	1514	319
0	1515	319
0	1516	319
0	1517	319
0	1508	320
0	1509	320
0	1510	320
0	1511	320
0	1512	320
0	1513	320
0	1514	320
0	1505	321
0	1506	321
0	1507	321
0	1508	321
0	1509	321
0	1510	321
0	1511	321
0	1512	321
0	1503	322
0	1504	322
0	1505	322
0	1506	322
0	1507	322
0	1508	322
0	1509	322
0	1510	322
0	1511	322
0	1512	322
0	1501	323
0	1502	323
0	1503	323
0	1504	323
0	1505	323
0	1506	323
0	1507	323
0	1508	323
0	1509	323
0	1496	324
0	1497	324
0	1498	324
0	1499	324
0	1500	324
0	1501	324
0	1502	324
0	1503	324
0	1504	324
0	1505	324
0	1506	324
0	1507	324
0	1508	324
0	1482	325
0	1489	325
0	1490	325
0	1491	325
0	1492	325
0	1493	325
0	1494	325
0	1495	325
0	1496	325
0	1497	325
0	1498	325
0	1499	325
0	1500	325
0	1501	325
0	1502	325
0	1503	325
0	1504	325
0	1505	325
0	1506	325
0	1476	326
0	1477	326
0	1478	326
0	1479	326
0	1480	326
0	1481	326
0	1482	326
0	1483	326
0	1484	326
0	1485	326
0	1486	326
0	1487	326
0	1488	326
0	1489	326
0	1490	326
0	1491	326
0	1492	326
0	1493	326
0	1494	326
0	1495	326
0	1496	326
0	1497	326
0	1498	326
0	1499	326
0	1500	326
0	1501	326
0	1502	326
0	1503	326
0	1504	326
0	1470	327
0	1471	327
0	1472	327
0	1473	327
0	1474	327
0	1475	327
0	1476	327
0	1477	327
0	1478	327
0	1479	327
0	1480	327
0	1481	327
0	1482	327
0	1483	327
0	1484	327
0	1485	327
0	1486	327
0	1487	327
0	1488	327
0	1489	327
0	1490	327
0	1491	327
0	1492	327
0	1493	327
0	1494	327
0	1495	327
0	1496	327
0	1497	327
0	1498	327
0	1499	327
0	1500	327
0	1466	328
0	1467	328
0	1468	328
0	1469	328
0	1470	328
0	1471	328
0	1472	328
0	1473	328
0	1474	328
0	1475	328
0	1476	328
0	1477	328
0	1478	328
0	1479	328
0	1480	328
0	1481	328
0	1482	328
0	1483	328
0	1484	328
0	1485	328
0	1486	328
0	1487	328
0	1488	328
0	1489	328
0	1490	328
0	1491	328
0	1492	328
0	1493	328
0	1494	328
0	1495	328
0	1496	328
0	1497	328
0	1498	328
0	1462	329
0	1463	329
0	1464	329
0	1465	329
0	1466	329
0	1467	329
0	1468	329
0	1469	329
0	1470	329
0	1471	329
0	1472	329
0	1473	329
0	1474	329
0	1475	329
0	1476	329
0	1477	329
0	1478	329
0	1479	329
0	1480	329
0	1481	329
0	1482	329
0	1483	329
0	1484	329
0	1485	329
0	1490	329
0	1491	329
0	1492	329
0	1493	329
0	1494	329
0	1495	329
0	1458	330
0	1459	330
0	1460	330
0	1461	330
0	1462	330
0	1463	330
0	1464	330
0	1465	330
0	1466	330
0	1467	330
0	1468	330
0	1469	330
0	1470	330
0	1471	330
0	1472	330
0	1473	330
0	1474	330
0	1475	330
0	1476	330
0	1477	330
0	1453	331
0	1454	331
0	1455	331
0	1456	331
0	1457	331
0	1458	331
0	1459	331
0	1460	331
0	1461	331
0	1462	331
0	1463	331
0	1464	331
0	1465	331
0	1466	331
0	1467	331
0	1468	331
0	1469	331
0	1470	331
0	1471	331
0	1472	331
0	1450	332
0	1451	332
0	1452	332
0	1453	332
0	1454	332
0	1455	332
0	1456	332
0	1457	332
0	1458	332
0	1459	332
0	1460	332
0	1461	332
0	1462	332
0	1463	332
0	1464	332
0	1446	333
0	1447	333
0	1448	333
0	1449	333
0	1450	333
0	1451	333
0	1452	333
0	1453	333
0	1454	333
0	1455	333
0	1456	333
0	1457	333
0	1458	333
0	1459	333
0	1460	333
0	1444	334
0	1445	334
0	1446	334
0	1447	334
0	1448	334
0	1449	334
0	1450	334
0	1451	334
0	1452	334
0	1453	334
0	1454	334
0	1455	334
0	1456	334
0	1443	335
0	1444	335
0	1445	335
0	1446	335
0	1447	335
0	1448	335
0	1449	335
0	1450	335
0	1451	335
0	1452	335
0	1453	335
0	1454	335
0	1440	336
0	1441	336
0	1442	336
0	1443	336
0	1444	336
0	1445	336
0	1446	336
0	1447	336
0	1448	336
0	1449	336
0	1450	336
0	1451	336
0	1436	337
0	1437	337
0	1438	337
0	1439	337
0	1440	337
0	1441	337
0	1442	337
0	1443	337
0	1444	337
0	1445	337
0	1446	337
0	1447	337
0	1448	337
0	1434	338
0	1435	338
0	1436	338
0	1437	338
0	1438	338
0	1439	338
0	1440	338
0	1441	338
0	1442	338
0	1443	338
0	1444	338
0	1445	338
0	1446	338
0	1432	339
0	1433	339
0	1434	339
0	1435	339
0	1436	339
0	1437	339
0	1438	339
0	1439	339
0	1440	339
0	1441	339
0	1442	339
0	1443	339
0	1444	339
0	1429	340
0	1430	340
0	1431	340
0	1432	340
0	1433	340
0	1434	340
0	1435	340
0	1436	340
0	1437	340
0	1438	340
0	1439	340
0	1440	340
0	1441	340
0	1442	340
0	1427	341
0	1428	341
0	1429	341
0	1430	341
0	1431	341
0	1432	341
0	1433	341
0	1434	341
0	1435	341
0	1436	341
0	1423	342
0	1424	342
0	1425	342
0	1426	342
0	1427	342
0	1428	342
0	1429	342
0	1430	342
0	1431	342
0	1432	342
0	1433	342
0	1421	343
0	1422	343
0	1423	343
0	1424	343
0	1425	343
0	1426	343
0	1427	343
0	1428	343
0	1429	343
0	1430	343
0	1431	343
0	1420	344
0	1421	344
0	1422	344
0	1423	344
0	1424	344
0	1425	344
0	1426	344
0	1427	344
0	1428	344
0	1429	344
0	1430	344
0	1416	345
0	1417	345
0	1418	345
0	1419	345
0	1420	345
0	1421	345
0	1422	345
0	1423	345
0	1424	345
0	1425	345
0	1426	345
0	1427	345
0	1412	346
0	1413	346
0	1414	346
0	1415	346
0	1416	346
0	1417	346
0	1418	346
0	1419	346
0	1420	346
0	1421	346
0	1422	346
0	1423	346
0	1424	346
0	1409	347
0	1410	347
0	1411	347
0	1412	347
0	1413	347
0	1414	347
0	1415	347
0	1416	347
0	1417	347
0	1418	347
0	1419	347
0	1420	347
0	1421	347
0	1422	347
0	1423	347
0	1407	348
0	1408	348
0	1409	348
0	1410	348
0	1411	348
0	1412	348
0	1413	348
0	1414	348
0	1415	348
0	1416	348
0	1417	348
0	1418	348
0	1405	349
0	1406	349
0	1407	349
0	1408	349
0	1409	349
0	1410	349
0	1411	349
0	1412	349
0	1413	349
0	1414	349
0	1415	349
0	1416	349
0	1401	350
0	1402	350
0	1403	350
0	1404	350
0	1405	350
0	1406	350
0	1407	350
0	1408	350
0	1409	350
0	1410	350
0	1411	350
0	1412	350
0	1413	350
0	1414	350
0	1398	351
0	1399	351
0	1400	351
0	1401	351
0	1402	351
0	1403	351
0	1404	351
0	1405	351
0	1406	351
0	1407	351
0	1408	351
0	1409	351
0	1410	351
0	1411	351
0	1412	351
0	1396	352
0	1397	352
0	1398	352
0	1399	352
0	1400	352
0	1401	352
0	1402	352
0	1403	352
0	1404	352
0	1405	352
0	1406	352
0	1407	352
0	1408	352
0	1409	352
0	1394	353
0	1395	353
0	1396	353
0	1397	353
0	1398	353
0	1399	353
0	1400	353
0	1401	353
0	1402	353
0	1403	353
0	1404	353
0	1391	354
0	1392	354
0	1393	354
0	1394	354
0	1395	354
0	1396	354
0	1397	354
0	1398	354
0	1399	354
0	1400	354
0	1401	354
0	1402	354
0	1388	355
0	1389	355
0	1390	355
0	1391	355
0	1392	355
0	1393	355
0	1394	355
0	1395	355
0	1396	355
0	1397	355
0	1398	355
0	1399	355
0	1386	356
0	1387	356
0	1388	356
0	1389	356
0	1390	356
0	1391	356
0	1392	356
0	1393	356
0	1394	356
0	1395	356
0	1396	356
0	1397	356
0	1382	357
0	1383	357
0	1384	357
0	1385	357
0	1386	357
0	1387	357
0	1388	357
0	1389	357
0	1390	357
0	1391	357
0	1392	357
0	1393	357
0	1394	357
0	1380	358
0	1381	358
0	1382	358
0	1383	358
0	1384	358
0	1385	358
0	1386	358
0	1387	358
0	1388	358
0	1389	358
0	1390	358
0	1391	358
0	1392	358
0	1377	359
0	1378	359
0	1379	359
0	1380	359
0	1381	359
0	1382	359
0	1383	359
0	1384	359
0	1385	359
0	1386	359
0	1387	359
0	1388	359
0	1389	359
0	1390	359
0	1373	360
0	1374	360
0	1375	360
0	1376	360
0	1377	360
0	1378	360
0	1379	360
0	1380	360
0	1381	360
0	1382	360
0	1383	360
0	1384	360
0	1385	360
0	1386	360
0	1387	360
0	1370	361
0	1371	361
0	1372	361
0	1373	361
0	1374	361
0	1375	361
0	1376	361
0	1377	361
0	1378	361
0	1379	361
0	1380	361
0	1381	361
0	1382	361
0	1383	361
0	1384	361
0	1385	361
0	1366	362
0	1367	362
0	1368	362
0	1369	362
0	1370	362
0	1371	362
0	1372	362
0	1373	362
0	1374	362
0	1375	362
0	1376	362
0	1377	362
0	1378	362
0	1379	362
0	1380	362
0	1381	362
0	1382	362
0	1383	362
0	1384	362
0	1363	363
0	1364	363
0	1365	363
0	1366	363
0	1367	363
0	1368	363
0	1369	363
0	1370	363
0	1371	363
0	1372	363
0	1373	363
0	1374	363
0	1375	363
0	1376	363
0	1377	363
0	1378	363
0	1379	363
0	1359	364
0	1360	364
0	1361	364
0	1362	364
0	1363	364
0	1364	364
0	1365	364
0	1366	364
0	1367	364
0	1368	364
0	1369	364
0	1370	364
0	1371	364
0	1372	364
0	1373	364
0	1374	364
0	1375	364
0	1356	365
0	1357	365
0	1358	365
0	1359	365
0	1360	365
0	1361	365
0	1362	365
0	1363	365
0	1364	365
0	1365	365
0	1366	365
0	1367	365
0	1368	365
0	1369	365
0	1352	366
0	1353	366
0	1354	366
0	1355	366
0	1356	366
0	1357	366
0	1358	366
0	1359	366
0	1360	366
0	1361	366
0	1362	366
0	1363	366
0	1364	366
0	1365	366
0	1366	366
0	1367	366
0	1349	367
0	1350	367
0	1351	367
0	1352	367
0	1353	367
0	1354	367
0	1355	367
0	1356	367
0	1357	367
0	1358	367
0	1359	367
0	1360	367
0	1361	367
0	1362	367
0	1363	367
0	1364	367
0	1344	368
0	1345	368
0	1346	368
0	1347	368
0	1348	368
0	1349	368
0	1350	368
0	1351	368
0	1352	368
0	1353	368
0	1354	368
0	1355	368
0	1356	368
0	1357	368
0	1358	368
0	1359	368
0	1339	369
0	1340	369
0	1341	369
0	1342	369
0	1343	369
0	1344	369
0	1345	369
0	1346	369
0	1347	369
0	1348	369
0	1349	369
0	1350	369
0	1351	369
0	1352	369
0	1353	369
0	1354	369
0	1355	369
0	1335	370
0	1336	370
0	1337	370
0	1338	370
0	1339	370
0	1340	370
0	1341	370
0	1342	370
0	1343	370
0	1344	370
0	1345	370
0	1346	370
0	1347	370
0	1348	370
0	1349	370
0	1350	370
0	1328	371
0	1329	371
0	1330	371
0	1331	371
0	1332	371
0	1333	371
0	1334	371
0	1335	371
0	1336	371
0	1337	371
0	1338	371
0	1339	371
0	1340	371
0	1341	371
0	1342	371
0	1343	371
0	1344	371
0	1345	371
0	1323	372
0	1324	372
0	1325	372
0	1326	372
0	1327	372
0	1328	372
0	1329	372
0	1330	372
0	1331	372
0	1332	372
0	1333	372
0	1334	372
0	1335	372
0	1336	372
0	1337	372
0	1338	372
0	1339	372
0	1340	372
0	1341	372
0	1342	372
0	1320	373
0	1321	373
0	1322	373
0	1323	373
0	1324	373
0	1325	373
0	1326	373
0	1327	373
0	1328	373
0	1329	373
0	1330	373
0	1331	373
0	1332	373
0	1333	373
0	1334	373
0	1335	373
0	1336	373
0	1315	374
0	1316	374
0	1317	374
0	1318	374
0	1319	374
0	1320	374
0	1321	374
0	1322	374
0	1323	374
0	1324	374
0	1325	374
0	1326	374
0	1327	374
0	1328	374
0	1329	374
0	1330	374
0	1331	374
0	1332	374
0	1333	374
0	1312	375
0	1313	375
0	1314	375
0	1315	375
0	1316	375
0	1317	375
0	1318	375
0	1319	375
0	1320	375
0	1321	375
0	1322	375
0	1323	375
0	1324	375
0	1325	375
0	1326	375
0	1327	375
0	1307	376
0	1308	376
0	1309	376
0	1310	376
0	1311	376
0	1312	376
0	1313	376
0	1314	376
0	1315	376
0	1316	376
0	1317	376
0	1318	376
0	1319	376
0	1320	376
0	1321	376
0	1322	376
0	1323	376
0	1299	377
0	1300	377
0	1301	377
0	1302	377
0	1303	377
0	1304	377
0	1305	377
0	1306	377
0	1307	377
0	1308	377
0	1309	377
0	1310	377
0	1311	377
0	1312	377
0	1313	377
0	1314	377
0	1315	377
0	1316	377
0	1317	377
0	1318	377
0	1319	377
0	1320	377
0	1295	378
0	1296	378
0	1297	378
0	1298	378
0	1299	378
0	1300	378
0	1301	378
0	1302	378
0	1303	378
0	1304	378
0	1305	378
0	1306	378
0	1307	378
0	1308	378
0	1309	378
0	1310	378
0	1311	378
0	1312	378
0	1313	378
0	1314	378
0	1315	378
0	1316	378
0	1317	378
0	1289	379
0	1290	379
0	1291	379
0	1292	379
0	1293	379
0	1294	379
0	1295	379
0	1296	379
0	1297	379
0	1298	379
0	1299	379
0	1300	379
0	1301	379
0	1302	379
0	1303	379
0	1304	379
0	1305	379
0	1306	379
0	1307	379
0	1308	379
0	1309	379
0	1278	380
0	1279	380
0	1280	380
0	1281	380
0	1282	380
0	1283	380
0	1284	380
0	1285	380
0	1286	380
0	1287	380
0	1288	380
0	1289	380
0	1290	380
0	1291	380
0	1292	380
0	1293	380
0	1294	380
0	1295	380
0	1296	380
0	1297	380
0	1298	380
0	1299	380
0	1300	380
0	1301	380
0	1302	380
0	1303	380
0	1304	380
0	1268	381
0	1269	381
0	1270	381
0	1271	381
0	1272	381
0	1273	381
0	1274	381
0	1275	381
0	1276	381
0	1277	381
0	1278	381
0	1279	381
0	1280	381
0	1281	381
0	1282	381
0	1283	381
0	1284	381
0	1285	381
0	1286	381
0	1287	381
0	1288	381
0	1289	381
0	1290	381
0	1291	381
0	1292	381
0	1293	381
0	1294	381
0	1295	381
0	1296	381
0	1297	381
0	1298	381
0	1261	382
0	1262	382
0	1263	382
0	1264	382
0	1265	382
0	1266	382
0	1267	382
0	1268	382
0	1269	382
0	1270	382
0	1271	382
0	1272	382
0	1273	382
0	1274	382
0	1275	382
0	1276	382
0	1277	382
0	1278	382
0	1279	382
0	1280	382
0	1281	382
0	1282	382
0	1283	382
0	1284	382
0	1285	382
0	1286	382
0	1287	382
0	1288	382
0	1289	382
0	1290	382
0	1291	382
0	1292	382
0	1200	383
0	1201	383
0	1202	383
0	1203	383
0	1206	383
0	1207	383
0	1208	383
0	1244	383
0	1245	383
0	1249	383
0	1250	383
0	1251	383
0	1252	383
0	1253	383
0	1254	383
0	1255	383
0	1256	383
0	1257	383
0	1258	383
0	1259	383
0	1260	383
0	1261	383
0	1262	383
0	1263	383
0	1264	383
0	1265	383
0	1266	383
0	1267	383
0	1268	383
0	1269	383
0	1270	383
0	1271	383
0	1272	383
0	1273	383
0	1274	383
0	1275	383
0	1276	383
0	1277	383
0	1278	383
0	1279	383
0	1280	383
0	1281	383
0	1282	383
0	1286	383
0	1287	383
0	1200	384
0	1201	384
0	1202	384
0	1203	384
0	1204	384
0	1205	384
0	1206	384
0	1207	384
0	1208	384
0	1209	384
0	1210	384
0	1211	384
0	1212	384
0	1213	384
0	1214	384
0	1215	384
0	1216	384
0	1217	384
0	1218	384
0	1219	384
0	1220	384
0	1221	384
0	1222	384
0	1223	384
0	1224	384
0	1225	384
0	1226	384
0	1230	384
0	1231	384
0	1232	384
0	1233	384
0	1234	384
0	1235	384
0	1236	384
0	1237	384
0	1238	384
0	1239	384
0	1240	384
0	1241	384
0	1242	384
0	1243	384
0	1244	384
0	1245	384
0	1246	384
0	1247	384
0	1248	384
0	1249	384
0	1250	384
0	1251	384
0	1252	384
0	1253	384
0	1254	384
0	1255	384
0	1256	384
0	1257	384
0	1258	384
0	1259	384
0	1260	384
0	1261	384
0	1262	384
0	1263	384
0	1264	384
0	1265	384
0	1266	384
0	1267	384
0	1268	384
0	1269	384
0	1270	384
0	1271	384
0	1272	384
0	1273	384
0	1200	385
0	1201	385
0	1202	385
0	1203	385
0	1204	385
0	1205	385
0	1206	385
0	1207	385
0	1208	385
0	1209	385
0	1210	385
0	1211	385
0	1212	385
0	1213	385
0	1214	385
0	1215	385
0	1216	385
0	1217	385
0	1218	385
0	1219	385
0	1220	385
0	1221	385
0	1222	385
0	1223	385
0	1224	385
0	1225	385
0	1226	385
0	1227	385
0	1228	385
0	1229	385
0	1230	385
0	1231	385
0	1232	385
0	1233	385
0	1234	385
0	1235	385
0	1236	385
0	1237	385
0	1238	385
0	1239	385
0	1240	385
0	1241	385
0	1242	385
0	1243	385
0	1244	385
0	1245	385
0	1246	385
0	1247	385
0	1248	385
0	1249	385
0	1250	385
0	1251	385
0	1252	385
0	1253	385
0	1254	385
0	1255	385
0	1256	385
0	1257	385
0	1258	385
0	1261	385
0	1262	385
0	1263	385
0	1200	386
0	1201	386
0	1202	386
0	1203	386
0	1205	386
0	1206	386
0	1207	386
0	1208	386
0	1209	386
0	1210	386
0	1211	386
0	1212	386
0	1213	386
0	1214	386
0	1215	386
0	1216	386
0	1217	386
0	1218	386
0	1219	386
0	1220	386
0	1221	386
0	1222	386
0	1223	386
0	1224	386
0	1225	386
0	1226	386
0	1227	386
0	1228	386
0	1229	386
0	1230	386
0	1231	386
0	1232	386
0	1233	386
0	1234	386
0	1235	386
0	1236	386
0	1237	386
0	1238	386
0	1239	386
0	1240	386
0	1241	386
0	1242	386
0	1243	386
0	1244	386
0	1213	387
0	1214	387
0	1215	387
0	1216	387
0	1217	387
0	1232	387
