867	1200	0
867	1201	0
867	1202	0
867	1203	0
868	1200	0
868	1201	0
868	1202	0
868	1203	0
868	1204	0
868	1205	0
868	1206	0
868	1207	0
868	1208	0
868	1209	0
868	1210	0
868	1211	0
868	1212	0
868	1213	0
869	1200	0
869	1201	0
869	1202	0
869	1203	0
869	1204	0
869	1205	0
869	1206	0
869	1207	0
869	1208	0
869	1209	0
869	1210	0
869	1211	0
869	1212	0
869	1213	0
869	1214	0
869	1215	0
869	1216	0
869	1217	0
869	1218	0
869	1219	0
869	1220	0
869	1221	0
869	1222	0
870	1200	0
870	1201	0
870	1204	0
870	1205	0
870	1206	0
870	1207	0
870	1208	0
870	1209	0
870	1210	0
870	1211	0
870	1212	0
870	1213	0
870	1214	0
870	1215	0
870	1216	0
870	1217	0
870	1218	0
870	1219	0
870	1220	0
870	1221	0
870	1222	0
870	1223	0
870	1224	0
870	1225	0
870	1226	0
870	1227	0
870	1228	0
870	1229	0
870	1230	0
870	1231	0
870	1232	0
870	1233	0
871	1215	0
871	1216	0
871	1217	0
871	1218	0
871	1219	0
871	1220	0
871	1221	0
871	1222	0
871	1223	0
871	1224	0
871	1225	0
871	1226	0
871	1227	0
871	1228	0
871	1229	0
871	1230	0
871	1231	0
871	1232	0
871	1233	0
871	1234	0
871	1235	0
871	1236	0
871	1237	0
872	1225	0
872	1226	0
872	1227	0
872	1228	0
872	1229	0
872	1230	0
872	1231	0
872	1232	0
872	1233	0
872	1234	0
872	1235	0
872	1236	0
872	1237	0
872	1238	0
872	1239	0
872	1240	0
872	1241	0
872	1242	0
872	1243	0
873	1237	0
873	1238	0
873	1239	0
873	1240	0
873	1241	0
873	1242	0
873	1243	0
873	1244	0
873	1245	0
873	1246	0
873	1247	0
873	1248	0
873	1249	0
873	1250	0
873	1251	0
874	1241	0
874	1242	0
874	1243	0
874	1244	0
874	1248	0
874	1249	0
874	1250	0
874	1251	0
874	1252	0
874	1253	0
874	1254	0
874	1255	0
874	1256	0
875	1248	0
875	1249	0
875	1250	0
875	1251	0
875	1252	0
875	1253	0
875	1254	0
875	1255	0
875	1256	0
875	1257	0
875	1258	0
875	1259	0
875	1260	0
875	1261	0
876	1251	0
876	1252	0
876	1253	0
876	1254	0
876	1255	0
876	1256	0
876	1257	0
876	1258	0
876	1259	0
876	1260	0
876	1261	0
876	1262	0
876	1263	0
876	1264	0
876	1265	0
876	1266	0
877	1259	0
877	1260	0
877	1261	0
877	1262	0
877	1263	0
877	1264	0
877	1265	0
877	1266	0
877	1267	0
877	1268	0
878	1263	0
878	1264	0
878	1265	0
878	1266	0
878	1267	0
878	1268	0
878	1269	0
878	1270	0
878	1271	0
878	1272	0
879	1267	0
879	1268	0
879	1269	0
879	1270	0
879	1271	0
879	1272	0
879	1273	0
879	1274	0
879	1275	0
879	1276	0
879	1277	0
879	1278	0
879	1279	0
879	1280	0
879	1281	0
880	1271	0
880	1272	0
880	1273	0
880	1274	0
880	1275	0
880	1276	0
880	1277	0
880	1278	0
880	1279	0
880	1280	0
880	1281	0
880	1282	0
881	1276	0
881	1277	0
881	1278	0
881	1279	0
881	1280	0
881	1281	0
881	1282	0
881	1283	0
881	1284	0
881	1285	0
881	1286	0
881	1287	0
882	1280	0
882	1281	0
882	1282	0
882	1283	0
882	1284	0
882	1285	0
882	1286	0
882	1287	0
882	1288	0
882	1289	0
882	1290	0
882	1291	0
882	1292	0
883	1287	0
883	1288	0
883	1289	0
883	1290	0
883	1291	0
883	1292	0
883	1293	0
883	1294	0
883	1295	0
883	1296	0
884	1291	0
884	1292	0
884	1293	0
884	1294	0
884	1295	0
884	1296	0
884	1297	0
884	1298	0
884	1299	0
884	1300	0
884	1301	0
885	1295	0
885	1296	0
885	1297	0
885	1298	0
885	1299	0
885	1300	0
885	1301	0
885	1302	0
885	1303	0
885	1304	0
886	1300	0
886	1301	0
886	1302	0
886	1303	0
886	1304	0
886	1305	0
886	1306	0
886	1307	0
887	1305	0
887	1306	0
887	1307	0
887	1308	0
887	1309	0
887	1310	0
888	1306	0
888	1307	0
888	1308	0
888	1309	0
888	1310	0
888	1311	0
888	1312	0
888	1313	0
888	1314	0
888	1315	0
888	1316	0
888	1320	0
889	1313	0
889	1314	0
889	1315	0
889	1316	0
889	1317	0
889	1319	0
889	1320	0
889	1321	0
889	1322	0
890	1318	0
890	1319	0
890	1320	0
890	1321	0
890	1322	0
890	1323	0
890	1324	0
890	1325	0
890	1326	0
891	1320	0
891	1321	0
891	1322	0
891	1323	0
891	1324	0
891	1325	0
891	1326	0
891	1327	0
891	1328	0
891	1329	0
891	1330	0
892	1325	0
892	1326	0
892	1327	0
892	1328	0
892	1329	0
892	1330	0
892	1331	0
892	1332	0
892	1333	0
893	1329	0
893	1330	0
893	1331	0
893	1332	0
893	1333	0
893	1334	0
893	1335	0
893	1336	0
893	1337	0
893	1338	0
893	1339	0
894	1331	0
894	1332	0
894	1333	0
894	1334	0
894	1335	0
894	1336	0
894	1337	0
894	1338	0
894	1339	0
894	1340	0
894	1341	0
894	1342	0
894	1343	0
894	1344	0
894	1345	0
895	1336	0
895	1337	0
895	1338	0
895	1339	0
895	1340	0
895	1341	0
895	1342	0
895	1343	0
895	1344	0
895	1345	0
895	1346	0
895	1347	0
895	1348	0
895	1349	0
896	1339	0
896	1340	0
896	1341	0
896	1342	0
896	1343	0
896	1344	0
896	1345	0
896	1346	0
896	1347	0
896	1348	0
896	1349	0
896	1350	0
896	1351	0
896	1352	0
897	1343	0
897	1344	0
897	1345	0
897	1346	0
897	1347	0
897	1348	0
897	1349	0
897	1350	0
897	1351	0
897	1352	0
897	1353	0
897	1354	0
897	1355	0
898	1348	0
898	1349	0
898	1350	0
898	1351	0
898	1352	0
898	1353	0
898	1354	0
898	1355	0
898	1356	0
898	1357	0
898	1358	0
898	1359	0
899	1351	0
899	1352	0
899	1353	0
899	1354	0
899	1355	0
899	1356	0
899	1357	0
899	1358	0
899	1359	0
899	1360	0
899	1361	0
899	1362	0
899	1363	0
900	1357	0
900	1358	0
900	1359	0
900	1360	0
900	1361	0
900	1362	0
900	1363	0
900	1364	0
900	1365	0
900	1366	0
900	1367	0
901	1359	0
901	1360	0
901	1361	0
901	1362	0
901	1363	0
901	1364	0
901	1365	0
901	1366	0
901	1367	0
901	1368	0
901	1369	0
901	1370	0
901	1371	0
901	1372	0
902	1363	0
902	1364	0
902	1365	0
902	1366	0
902	1367	0
902	1368	0
902	1369	0
902	1370	0
902	1371	0
902	1372	0
902	1373	0
902	1374	0
902	1375	0
903	1368	0
903	1369	0
903	1370	0
903	1371	0
903	1372	0
903	1373	0
903	1374	0
903	1375	0
903	1376	0
903	1377	0
903	1378	0
903	1379	0
904	1371	0
904	1372	0
904	1373	0
904	1374	0
904	1375	0
904	1376	0
904	1377	0
904	1378	0
904	1379	0
904	1380	0
904	1381	0
904	1382	0
905	1373	0
905	1374	0
905	1375	0
905	1376	0
905	1377	0
905	1378	0
905	1379	0
905	1380	0
905	1381	0
905	1382	0
905	1383	0
905	1384	0
905	1385	0
905	1386	0
906	1378	0
906	1379	0
906	1380	0
906	1381	0
906	1382	0
906	1383	0
906	1384	0
906	1385	0
906	1386	0
906	1387	0
906	1388	0
906	1389	0
906	1390	0
906	1391	0
907	1382	0
907	1383	0
907	1384	0
907	1385	0
907	1386	0
907	1387	0
907	1388	0
907	1389	0
907	1390	0
907	1391	0
907	1392	0
907	1393	0
907	1394	0
907	1395	0
908	1386	0
908	1387	0
908	1388	0
908	1389	0
908	1390	0
908	1391	0
908	1392	0
908	1393	0
908	1394	0
908	1395	0
908	1396	0
908	1397	0
908	1398	0
908	1399	0
909	1391	0
909	1392	0
909	1393	0
909	1394	0
909	1395	0
909	1396	0
909	1397	0
909	1398	0
909	1399	0
909	1400	0
909	1401	0
910	1394	0
910	1395	0
910	1396	0
910	1397	0
910	1398	0
910	1399	0
910	1400	0
910	1401	0
910	1402	0
910	1403	0
910	1404	0
910	1405	0
910	1406	0
911	1398	0
911	1399	0
911	1400	0
911	1401	0
911	1402	0
911	1403	0
911	1404	0
911	1405	0
911	1406	0
911	1407	0
911	1408	0
911	1409	0
912	1400	0
912	1401	0
912	1402	0
912	1403	0
912	1404	0
912	1405	0
912	1406	0
912	1407	0
912	1408	0
912	1409	0
912	1410	0
912	1411	0
912	1412	0
912	1413	0
913	1405	0
913	1406	0
913	1407	0
913	1408	0
913	1409	0
913	1410	0
913	1411	0
913	1412	0
913	1413	0
913	1414	0
913	1415	0
913	1416	0
914	1408	0
914	1409	0
914	1410	0
914	1411	0
914	1412	0
914	1413	0
914	1414	0
914	1415	0
914	1416	0
914	1417	0
914	1418	0
914	1419	0
915	1413	0
915	1414	0
915	1415	0
915	1416	0
915	1417	0
915	1418	0
915	1419	0
915	1420	0
915	1421	0
915	1422	0
915	1423	0
916	1416	0
916	1417	0
916	1418	0
916	1419	0
916	1420	0
916	1421	0
916	1422	0
916	1423	0
916	1424	0
916	1425	0
917	1421	0
917	1422	0
917	1423	0
917	1424	0
917	1425	0
917	1426	0
917	1427	0
917	1428	0
917	1429	0
917	1430	0
918	1423	0
918	1424	0
918	1425	0
918	1426	0
918	1427	0
918	1428	0
918	1429	0
918	1430	0
918	1431	0
918	1432	0
918	1433	0
919	1425	0
919	1426	0
919	1427	0
919	1428	0
919	1429	0
919	1430	0
919	1431	0
919	1432	0
919	1433	0
919	1434	0
919	1435	0
920	1429	0
920	1430	0
920	1431	0
920	1432	0
920	1433	0
920	1434	0
920	1435	0
920	1436	0
920	1437	0
920	1440	0
920	1441	0
920	1442	0
921	1433	0
921	1434	0
921	1435	0
921	1436	0
921	1437	0
921	1438	0
921	1439	0
921	1440	0
921	1441	0
921	1442	0
921	1443	0
921	1444	0
921	1445	0
922	1436	0
922	1437	0
922	1438	0
922	1439	0
922	1440	0
922	1441	0
922	1442	0
922	1443	0
922	1444	0
922	1445	0
922	1446	0
922	1447	0
923	1439	0
923	1440	0
923	1441	0
923	1442	0
923	1443	0
923	1444	0
923	1445	0
923	1446	0
923	1447	0
923	1448	0
923	1449	0
923	1450	0
923	1451	0
923	1452	0
924	1442	0
924	1443	0
924	1444	0
924	1445	0
924	1446	0
924	1447	0
924	1448	0
924	1449	0
924	1450	0
924	1451	0
924	1452	0
924	1453	0
924	1454	0
925	1447	0
925	1448	0
925	1449	0
925	1450	0
925	1451	0
925	1452	0
925	1453	0
925	1454	0
925	1455	0
925	1456	0
925	1457	0
925	1458	0
926	1450	0
926	1451	0
926	1452	0
926	1453	0
926	1454	0
926	1455	0
926	1456	0
926	1457	0
926	1458	0
926	1459	0
926	1460	0
926	1461	0
926	1462	0
926	1463	0
926	1464	0
927	1453	0
927	1454	0
927	1455	0
927	1456	0
927	1457	0
927	1458	0
927	1459	0
927	1460	0
927	1461	0
927	1462	0
927	1463	0
927	1464	0
927	1465	0
927	1466	0
927	1467	0
927	1468	0
928	1457	0
928	1458	0
928	1459	0
928	1460	0
928	1461	0
928	1462	0
928	1463	0
928	1464	0
928	1465	0
928	1466	0
928	1467	0
928	1468	0
928	1469	0
928	1470	0
928	1471	0
929	1461	0
929	1462	0
929	1463	0
929	1464	0
929	1465	0
929	1466	0
929	1467	0
929	1468	0
929	1469	0
929	1470	0
929	1471	0
929	1472	0
930	1465	0
930	1466	0
930	1467	0
930	1468	0
930	1469	0
930	1470	0
930	1471	0
930	1472	0
930	1473	0
930	1474	0
930	1475	0
930	1476	0
931	1469	0
931	1470	0
931	1471	0
931	1472	0
931	1473	0
931	1474	0
931	1475	0
931	1476	0
931	1477	0
931	1478	0
931	1479	0
931	1480	0
932	1473	0
932	1474	0
932	1475	0
932	1476	0
932	1477	0
932	1478	0
932	1479	0
932	1480	0
932	1481	0
932	1482	0
932	1483	0
932	1484	0
932	1485	0
933	1477	0
933	1478	0
933	1479	0
933	1480	0
933	1481	0
933	1482	0
933	1483	0
933	1484	0
933	1485	0
933	1486	0
933	1487	0
933	1488	0
933	1489	0
933	1490	0
934	1483	0
934	1484	0
934	1485	0
934	1486	0
934	1487	0
934	1488	0
934	1489	0
934	1490	0
934	1491	0
934	1492	0
934	1493	0
934	1494	0
935	1486	0
935	1487	0
935	1488	0
935	1489	0
935	1490	0
935	1491	0
935	1492	0
935	1493	0
935	1494	0
935	1495	0
935	1496	0
935	1497	0
935	1498	0
936	1488	0
936	1489	0
936	1490	0
936	1491	0
936	1492	0
936	1493	0
936	1494	0
936	1495	0
936	1496	0
936	1497	0
936	1498	0
936	1499	0
936	1500	0
936	1501	0
936	1502	0
937	1494	0
937	1495	0
937	1496	0
937	1497	0
937	1498	0
937	1499	0
937	1500	0
937	1501	0
937	1502	0
937	1503	0
937	1504	0
937	1505	0
937	1506	0
937	1507	0
937	1508	0
937	1509	0
937	1510	0
937	1604	0
937	1605	0
937	1606	0
937	1607	0
937	1608	0
937	1609	0
937	1610	0
937	1611	0
937	1612	0
937	1613	0
937	1614	0
937	1615	0
937	1616	0
937	1617	0
937	1618	0
937	1619	0
937	1620	0
937	1621	0
937	1622	0
937	1623	0
937	1624	0
937	1625	0
937	1626	0
937	1627	0
937	1638	0
938	1498	0
938	1499	0
938	1500	0
938	1501	0
938	1502	0
938	1503	0
938	1504	0
938	1505	0
938	1506	0
938	1507	0
938	1508	0
938	1509	0
938	1510	0
938	1511	0
938	1512	0
938	1513	0
938	1514	0
938	1515	0
938	1516	0
938	1517	0
938	1518	0
938	1583	0
938	1584	0
938	1590	0
938	1591	0
938	1592	0
938	1593	0
938	1594	0
938	1595	0
938	1596	0
938	1597	0
938	1598	0
938	1599	0
938	1600	0
938	1601	0
938	1602	0
938	1603	0
938	1604	0
938	1605	0
938	1606	0
938	1607	0
938	1608	0
938	1609	0
938	1610	0
938	1611	0
938	1612	0
938	1613	0
938	1614	0
938	1615	0
938	1616	0
938	1617	0
938	1618	0
938	1619	0
938	1620	0
938	1621	0
938	1622	0
938	1623	0
938	1624	0
938	1625	0
938	1626	0
938	1627	0
938	1628	0
938	1629	0
938	1630	0
938	1631	0
938	1632	0
938	1633	0
938	1634	0
938	1635	0
938	1636	0
938	1637	0
938	1638	0
938	1639	0
938	1640	0
938	1641	0
938	1642	0
938	1643	0
938	1644	0
938	1645	0
938	1646	0
938	1647	0
938	1648	0
938	1649	0
939	1504	0
939	1505	0
939	1506	0
939	1507	0
939	1508	0
939	1509	0
939	1510	0
939	1511	0
939	1512	0
939	1513	0
939	1514	0
939	1515	0
939	1516	0
939	1517	0
939	1518	0
939	1519	0
939	1520	0
939	1521	0
939	1522	0
939	1523	0
939	1524	0
939	1525	0
939	1526	0
939	1527	0
939	1528	0
939	1529	0
939	1530	0
939	1531	0
939	1532	0
939	1567	0
939	1568	0
939	1569	0
939	1570	0
939	1571	0
939	1572	0
939	1573	0
939	1574	0
939	1575	0
939	1576	0
939	1577	0
939	1578	0
939	1579	0
939	1580	0
939	1581	0
939	1582	0
939	1583	0
939	1584	0
939	1585	0
939	1586	0
939	1587	0
939	1588	0
939	1589	0
939	1590	0
939	1591	0
939	1592	0
939	1593	0
939	1594	0
939	1595	0
939	1596	0
939	1597	0
939	1598	0
939	1599	0
939	1600	0
939	1601	0
939	1602	0
939	1603	0
939	1604	0
939	1605	0
939	1606	0
939	1607	0
939	1608	0
939	1609	0
939	1610	0
939	1611	0
939	1612	0
939	1613	0
939	1614	0
939	1615	0
939	1616	0
939	1617	0
939	1618	0
939	1619	0
939	1620	0
939	1621	0
939	1622	0
939	1623	0
939	1624	0
939	1625	0
939	1626	0
939	1627	0
939	1628	0
939	1629	0
939	1630	0
939	1631	0
939	1632	0
939	1633	0
939	1634	0
939	1635	0
939	1636	0
939	1637	0
939	1638	0
939	1639	0
939	1640	0
939	1641	0
939	1642	0
939	1643	0
939	1644	0
939	1645	0
939	1646	0
939	1647	0
939	1648	0
939	1649	0
939	1650	0
939	1651	0
939	1652	0
939	1653	0
939	1654	0
939	1655	0
939	1656	0
939	1657	0
939	1658	0
939	1659	0
939	1660	0
939	1661	0
939	1662	0
939	1663	0
939	1664	0
939	1668	0
940	1510	0
940	1511	0
940	1512	0
940	1513	0
940	1514	0
940	1515	0
940	1516	0
940	1517	0
940	1518	0
940	1519	0
940	1520	0
940	1521	0
940	1522	0
940	1523	0
940	1524	0
940	1525	0
940	1526	0
940	1527	0
940	1528	0
940	1529	0
940	1530	0
940	1531	0
940	1532	0
940	1533	0
940	1534	0
940	1535	0
940	1536	0
940	1537	0
940	1538	0
940	1539	0
940	1540	0
940	1541	0
940	1542	0
940	1543	0
940	1562	0
940	1563	0
940	1564	0
940	1565	0
940	1566	0
940	1567	0
940	1568	0
940	1569	0
940	1570	0
940	1571	0
940	1572	0
940	1573	0
940	1574	0
940	1575	0
940	1576	0
940	1577	0
940	1578	0
940	1579	0
940	1580	0
940	1581	0
940	1582	0
940	1583	0
940	1584	0
940	1585	0
940	1586	0
940	1587	0
940	1588	0
940	1589	0
940	1590	0
940	1591	0
940	1592	0
940	1593	0
940	1594	0
940	1595	0
940	1596	0
940	1597	0
940	1598	0
940	1599	0
940	1600	0
940	1601	0
940	1602	0
940	1603	0
940	1604	0
940	1605	0
940	1606	0
940	1607	0
940	1608	0
940	1609	0
940	1610	0
940	1611	0
940	1612	0
940	1613	0
940	1614	0
940	1615	0
940	1616	0
940	1617	0
940	1618	0
940	1619	0
940	1621	0
940	1622	0
940	1623	0
940	1624	0
940	1625	0
940	1626	0
940	1627	0
940	1629	0
940	1630	0
940	1631	0
940	1632	0
940	1633	0
940	1634	0
940	1635	0
940	1636	0
940	1637	0
940	1638	0
940	1639	0
940	1640	0
940	1641	0
940	1642	0
940	1643	0
940	1644	0
940	1645	0
940	1646	0
940	1647	0
940	1648	0
940	1649	0
940	1650	0
940	1651	0
940	1652	0
940	1653	0
940	1654	0
940	1655	0
940	1656	0
940	1657	0
940	1658	0
940	1659	0
940	1660	0
940	1661	0
940	1662	0
940	1663	0
940	1664	0
940	1665	0
940	1666	0
940	1667	0
940	1668	0
940	1669	0
940	1670	0
940	1671	0
940	1672	0
940	1673	0
940	1674	0
940	1675	0
941	1517	0
941	1518	0
941	1519	0
941	1520	0
941	1521	0
941	1522	0
941	1523	0
941	1524	0
941	1525	0
941	1526	0
941	1527	0
941	1528	0
941	1529	0
941	1530	0
941	1531	0
941	1532	0
941	1533	0
941	1534	0
941	1535	0
941	1536	0
941	1537	0
941	1538	0
941	1539	0
941	1540	0
941	1541	0
941	1542	0
941	1543	0
941	1544	0
941	1545	0
941	1546	0
941	1547	0
941	1548	0
941	1560	0
941	1561	0
941	1562	0
941	1563	0
941	1564	0
941	1565	0
941	1566	0
941	1567	0
941	1568	0
941	1569	0
941	1570	0
941	1571	0
941	1572	0
941	1573	0
941	1574	0
941	1575	0
941	1576	0
941	1577	0
941	1578	0
941	1579	0
941	1580	0
941	1581	0
941	1582	0
941	1583	0
941	1584	0
941	1585	0
941	1586	0
941	1587	0
941	1588	0
941	1589	0
941	1590	0
941	1591	0
941	1592	0
941	1593	0
941	1594	0
941	1595	0
941	1596	0
941	1597	0
941	1598	0
941	1599	0
941	1600	0
941	1601	0
941	1650	0
941	1651	0
941	1652	0
941	1657	0
941	1658	0
941	1659	0
941	1660	0
941	1661	0
941	1662	0
941	1663	0
941	1664	0
941	1665	0
941	1666	0
941	1667	0
941	1668	0
941	1669	0
941	1670	0
941	1671	0
941	1672	0
941	1673	0
941	1674	0
941	1675	0
941	1676	0
941	1677	0
941	1678	0
941	1679	0
941	1680	0
941	1681	0
941	1682	0
941	1683	0
941	1684	0
942	1528	0
942	1529	0
942	1530	0
942	1531	0
942	1532	0
942	1533	0
942	1534	0
942	1535	0
942	1536	0
942	1537	0
942	1538	0
942	1539	0
942	1540	0
942	1541	0
942	1542	0
942	1543	0
942	1544	0
942	1545	0
942	1546	0
942	1547	0
942	1548	0
942	1549	0
942	1550	0
942	1551	0
942	1552	0
942	1553	0
942	1554	0
942	1555	0
942	1556	0
942	1557	0
942	1558	0
942	1559	0
942	1560	0
942	1561	0
942	1562	0
942	1563	0
942	1564	0
942	1565	0
942	1566	0
942	1567	0
942	1568	0
942	1569	0
942	1570	0
942	1571	0
942	1580	0
942	1581	0
942	1582	0
942	1664	0
942	1665	0
942	1666	0
942	1667	0
942	1668	0
942	1669	0
942	1670	0
942	1671	0
942	1672	0
942	1673	0
942	1674	0
942	1675	0
942	1676	0
942	1677	0
942	1678	0
942	1679	0
942	1680	0
942	1681	0
942	1682	0
942	1683	0
942	1684	0
942	1685	0
942	1686	0
942	1687	0
942	1688	0
943	1538	0
943	1539	0
943	1540	0
943	1541	0
943	1542	0
943	1543	0
943	1544	0
943	1545	0
943	1546	0
943	1547	0
943	1548	0
943	1549	0
943	1550	0
943	1551	0
943	1552	0
943	1553	0
943	1554	0
943	1555	0
943	1556	0
943	1557	0
943	1558	0
943	1559	0
943	1560	0
943	1561	0
943	1562	0
943	1563	0
943	1564	0
943	1565	0
943	1671	0
943	1672	0
943	1673	0
943	1674	0
943	1675	0
943	1676	0
943	1677	0
943	1678	0
943	1679	0
943	1680	0
943	1681	0
943	1682	0
943	1683	0
943	1684	0
943	1685	0
943	1686	0
943	1687	0
943	1688	0
943	1689	0
943	1690	0
943	1691	0
944	1549	0
944	1550	0
944	1551	0
944	1552	0
944	1553	0
944	1554	0
944	1555	0
944	1681	0
944	1682	0
944	1683	0
944	1684	0
944	1685	0
944	1686	0
944	1687	0
944	1688	0
944	1689	0
944	1690	0
944	1691	0
944	1692	0
944	1693	0
945	1684	0
945	1685	0
945	1686	0
945	1687	0
945	1688	0
945	1689	0
945	1690	0
945	1691	0
945	1692	0
945	1693	0
945	1694	0
945	1695	0
945	1696	0
945	1697	0
946	1688	0
946	1689	0
946	1690	0
946	1691	0
946	1692	0
946	1693	0
946	1694	0
946	1695	0
946	1696	0
946	1697	0
946	1698	0
946	1699	0
946	1700	0
947	1693	0
947	1694	0
947	1695	0
947	1696	0
947	1697	0
947	1698	0
947	1699	0
947	1700	0
947	1701	0
947	1702	0
947	1703	0
947	1704	0
948	1697	0
948	1698	0
948	1699	0
948	1700	0
948	1701	0
948	1702	0
948	1703	0
948	1704	0
948	1705	0
948	1706	0
948	1707	0
948	1708	0
949	1700	0
949	1701	0
949	1702	0
949	1703	0
949	1704	0
949	1705	0
949	1706	0
949	1707	0
949	1708	0
949	1709	0
949	1710	0
949	1711	0
950	1704	0
950	1705	0
950	1706	0
950	1707	0
950	1708	0
950	1709	0
950	1710	0
950	1711	0
950	1712	0
950	1713	0
950	1714	0
951	1708	0
951	1709	0
951	1710	0
951	1711	0
951	1712	0
951	1713	0
951	1714	0
951	1715	0
951	1716	0
951	1717	0
951	1718	0
952	1711	0
952	1712	0
952	1713	0
952	1714	0
952	1715	0
952	1716	0
952	1717	0
952	1718	0
952	1719	0
952	1720	0
952	1721	0
953	1714	0
953	1715	0
953	1716	0
953	1717	0
953	1718	0
953	1719	0
953	1720	0
953	1721	0
953	1722	0
953	1723	0
953	1724	0
953	1725	0
953	1726	0
954	1719	0
954	1720	0
954	1721	0
954	1722	0
954	1723	0
954	1724	0
954	1725	0
954	1726	0
954	1727	0
954	1728	0
955	1723	0
955	1724	0
955	1725	0
955	1726	0
955	1727	0
955	1728	0
955	1729	0
955	1730	0
955	1731	0
955	1732	0
955	1733	0
956	1726	0
956	1727	0
956	1728	0
956	1729	0
956	1730	0
956	1731	0
956	1732	0
956	1733	0
956	1734	0
956	1735	0
957	1729	0
957	1730	0
957	1731	0
957	1732	0
957	1733	0
957	1734	0
957	1735	0
957	1736	0
957	1737	0
958	1732	0
958	1733	0
958	1734	0
958	1735	0
958	1736	0
958	1737	0
958	1738	0
958	1739	0
958	1740	0
959	1735	0
959	1736	0
959	1737	0
959	1738	0
959	1739	0
959	1740	0
959	1741	0
959	1742	0
959	1743	0
959	1744	0
960	1739	0
960	1740	0
960	1741	0
960	1742	0
960	1743	0
960	1744	0
960	1745	0
960	1746	0
960	1747	0
961	1741	0
961	1742	0
961	1743	0
961	1744	0
961	1745	0
961	1746	0
961	1747	0
961	1748	0
961	1749	0
961	1750	0
962	1743	0
962	1744	0
962	1745	0
962	1746	0
962	1747	0
962	1748	0
962	1749	0
962	1750	0
962	1751	0
962	1752	0
962	1753	0
962	1754	0
962	1755	0
962	1756	0
963	1746	0
963	1747	0
963	1748	0
963	1749	0
963	1750	0
963	1751	0
963	1752	0
963	1753	0
963	1754	0
963	1755	0
963	1756	0
963	1757	0
963	1758	0
963	1759	0
963	1760	0
963	1761	0
964	1750	0
964	1751	0
964	1752	0
964	1753	0
964	1754	0
964	1755	0
964	1756	0
964	1757	0
964	1758	0
964	1759	0
964	1760	0
964	1761	0
964	1762	0
964	1763	0
964	1764	0
964	1765	0
964	1766	0
965	1757	0
965	1758	0
965	1759	0
965	1760	0
965	1761	0
965	1762	0
965	1763	0
965	1764	0
965	1765	0
965	1766	0
965	1767	0
965	1768	0
965	1769	0
965	1770	0
965	1771	0
965	1772	0
965	1773	0
965	1774	0
966	1763	0
966	1764	0
966	1765	0
966	1766	0
966	1767	0
966	1768	0
966	1769	0
966	1770	0
966	1771	0
966	1772	0
966	1773	0
966	1774	0
966	1775	0
966	1776	0
966	1777	0
966	1778	0
966	1779	0
966	1780	0
967	1767	0
967	1768	0
967	1769	0
967	1770	0
967	1771	0
967	1772	0
967	1773	0
967	1774	0
967	1775	0
967	1776	0
967	1777	0
967	1778	0
967	1779	0
967	1780	0
967	1781	0
967	1782	0
967	1783	0
967	1784	0
968	1773	0
968	1774	0
968	1775	0
968	1776	0
968	1777	0
968	1778	0
968	1779	0
968	1780	0
968	1781	0
968	1782	0
968	1783	0
968	1784	0
968	1785	0
968	1786	0
968	1787	0
969	1777	0
969	1778	0
969	1779	0
969	1780	0
969	1781	0
969	1782	0
969	1783	0
969	1784	0
969	1785	0
969	1786	0
969	1787	0
969	1788	0
969	1789	0
969	1790	0
969	1791	0
969	1792	0
970	1780	0
970	1781	0
970	1782	0
970	1783	0
970	1784	0
970	1785	0
970	1786	0
970	1787	0
970	1788	0
970	1789	0
970	1790	0
970	1791	0
970	1792	0
970	1793	0
970	1794	0
970	1795	0
970	1796	0
971	1785	0
971	1786	0
971	1787	0
971	1788	0
971	1789	0
971	1790	0
971	1791	0
971	1792	0
971	1793	0
971	1794	0
971	1795	0
971	1796	0
971	1797	0
971	1798	0
971	1799	0
971	1800	0
971	1801	0
971	1802	0
972	1790	0
972	1791	0
972	1792	0
972	1793	0
972	1794	0
972	1795	0
972	1796	0
972	1797	0
972	1798	0
972	1799	0
972	1800	0
972	1801	0
972	1802	0
972	1803	0
972	1804	0
972	1805	0
972	1806	0
973	1795	0
973	1796	0
973	1797	0
973	1798	0
973	1799	0
973	1800	0
973	1801	0
973	1802	0
973	1803	0
973	1804	0
973	1805	0
973	1806	0
973	1807	0
973	1808	0
973	1809	0
973	1810	0
973	1811	0
974	1800	0
974	1801	0
974	1802	0
974	1803	0
974	1804	0
974	1805	0
974	1806	0
974	1807	0
974	1808	0
974	1809	0
974	1810	0
974	1811	0
974	1812	0
974	1813	0
974	1814	0
975	1805	0
975	1806	0
975	1807	0
975	1808	0
975	1809	0
975	1810	0
975	1811	0
975	1812	0
975	1813	0
975	1814	0
975	1815	0
975	1816	0
975	1817	0
975	1818	0
975	1819	0
976	1808	0
976	1809	0
976	1810	0
976	1811	0
976	1812	0
976	1813	0
976	1814	0
976	1815	0
976	1816	0
976	1817	0
976	1818	0
976	1819	0
976	1820	0
976	1821	0
976	1822	0
976	1823	0
976	1824	0
977	1813	0
977	1814	0
977	1815	0
977	1816	0
977	1817	0
977	1818	0
977	1819	0
977	1820	0
977	1821	0
977	1822	0
977	1823	0
977	1824	0
977	1825	0
977	1826	0
977	1827	0
977	1828	0
978	1818	0
978	1819	0
978	1820	0
978	1821	0
978	1822	0
978	1823	0
978	1824	0
978	1825	0
978	1826	0
978	1827	0
978	1828	0
978	1829	0
978	1830	0
978	1831	0
978	1832	0
979	1822	0
979	1823	0
979	1824	0
979	1825	0
979	1826	0
979	1827	0
979	1828	0
979	1829	0
979	1830	0
979	1831	0
979	1832	0
979	1833	0
979	1834	0
979	1835	0
979	1836	0
979	1837	0
980	1826	0
980	1827	0
980	1828	0
980	1829	0
980	1830	0
980	1831	0
980	1832	0
980	1833	0
980	1834	0
980	1835	0
980	1836	0
980	1837	0
980	1838	0
980	1839	0
981	1831	0
981	1832	0
981	1833	0
981	1834	0
981	1835	0
981	1836	0
981	1837	0
981	1838	0
981	1839	0
981	1840	0
981	1841	0
981	1842	0
981	1843	0
981	1844	0
982	1835	0
982	1836	0
982	1837	0
982	1838	0
982	1839	0
982	1840	0
982	1841	0
982	1842	0
982	1843	0
982	1844	0
982	1845	0
982	1846	0
982	1847	0
982	1848	0
982	1849	0
983	1841	0
983	1842	0
983	1843	0
983	1844	0
983	1845	0
983	1846	0
983	1847	0
983	1848	0
983	1849	0
983	1850	0
983	1851	0
983	1852	0
984	1843	0
984	1844	0
984	1845	0
984	1846	0
984	1847	0
984	1848	0
984	1849	0
984	1850	0
984	1851	0
984	1852	0
984	1853	0
984	1854	0
984	1855	0
984	1856	0
985	1848	0
985	1849	0
985	1850	0
985	1851	0
985	1852	0
985	1853	0
985	1854	0
985	1855	0
985	1856	0
985	1857	0
985	1858	0
985	1859	0
985	1860	0
986	1851	0
986	1852	0
986	1853	0
986	1854	0
986	1855	0
986	1856	0
986	1857	0
986	1858	0
986	1859	0
986	1860	0
986	1861	0
986	1862	0
986	1863	0
987	1856	0
987	1857	0
987	1858	0
987	1859	0
987	1860	0
987	1861	0
987	1862	0
987	1863	0
987	1864	0
987	1865	0
987	1866	0
987	1867	0
988	1860	0
988	1861	0
988	1862	0
988	1863	0
988	1864	0
988	1865	0
988	1866	0
988	1867	0
988	1868	0
988	1869	0
989	1863	0
989	1864	0
989	1865	0
989	1866	0
989	1867	0
989	1868	0
989	1869	0
989	1870	0
989	1871	0
989	1872	0
989	1873	0
989	1874	0
990	1865	0
990	1866	0
990	1867	0
990	1868	0
990	1869	0
990	1870	0
990	1871	0
990	1872	0
990	1873	0
990	1874	0
990	1875	0
990	1876	0
990	1877	0
991	1869	0
991	1870	0
991	1871	0
991	1872	0
991	1873	0
991	1874	0
991	1875	0
991	1876	0
991	1877	0
991	1878	0
991	1879	0
991	1880	0
992	1874	0
992	1875	0
992	1876	0
992	1877	0
992	1878	0
992	1879	0
992	1880	0
992	1881	0
992	1882	0
993	1877	0
993	1878	0
993	1879	0
993	1880	0
993	1881	0
993	1882	0
993	1883	0
993	1884	0
993	1885	0
993	1886	0
993	1887	0
994	1882	0
994	1883	0
994	1884	0
994	1885	0
994	1886	0
994	1887	0
994	1888	0
994	1889	0
994	1890	0
994	1891	0
994	1892	0
994	1893	0
994	1894	0
994	1895	0
994	1896	0
994	1918	0
994	1919	0
994	1920	0
994	1921	0
995	1886	0
995	1887	0
995	1888	0
995	1889	0
995	1890	0
995	1891	0
995	1892	0
995	1893	0
995	1894	0
995	1895	0
995	1896	0
995	1897	0
995	1898	0
995	1899	0
995	1900	0
995	1901	0
995	1904	0
995	1905	0
995	1906	0
995	1907	0
995	1908	0
995	1909	0
995	1912	0
995	1913	0
995	1914	0
995	1915	0
995	1916	0
995	1917	0
995	1918	0
995	1919	0
995	1920	0
995	1921	0
996	1890	0
996	1891	0
996	1892	0
996	1893	0
996	1894	0
996	1895	0
996	1896	0
996	1897	0
996	1898	0
996	1899	0
996	1900	0
996	1901	0
996	1902	0
996	1903	0
996	1904	0
996	1905	0
996	1906	0
996	1907	0
996	1908	0
996	1909	0
996	1910	0
996	1911	0
996	1912	0
996	1913	0
996	1914	0
996	1915	0
996	1916	0
996	1917	0
996	1918	0
996	1919	0
996	1920	0
996	1921	0
997	1895	0
997	1896	0
997	1897	0
997	1898	0
997	1899	0
997	1900	0
997	1901	0
997	1902	0
997	1903	0
997	1904	0
997	1905	0
997	1906	0
997	1907	0
997	1908	0
997	1909	0
997	1910	0
997	1911	0
997	1912	0
997	1913	0
997	1914	0
997	1915	0
997	1916	0
997	1917	0
997	1918	0
997	1919	0
997	1920	0
998	1905	0
998	1906	0
998	1907	0
998	1908	0
998	1909	0
1034	1565	0
1034	1566	0
1034	1567	0
1034	1568	0
1034	1569	0
1035	1554	0
1035	1555	0
1035	1556	0
1035	1557	0
1035	1558	0
1035	1559	0
1035	1560	0
1035	1561	0
1035	1562	0
1035	1563	0
1035	1564	0
1035	1565	0
1035	1566	0
1035	1567	0
1035	1568	0
1035	1569	0
1035	1570	0
1035	1571	0
1035	1572	0
1035	1573	0
1035	1574	0
1036	1548	0
1036	1549	0
1036	1550	0
1036	1551	0
1036	1552	0
1036	1553	0
1036	1554	0
1036	1555	0
1036	1556	0
1036	1557	0
1036	1558	0
1036	1559	0
1036	1560	0
1036	1561	0
1036	1562	0
1036	1563	0
1036	1564	0
1036	1565	0
1036	1566	0
1036	1567	0
1036	1568	0
1036	1569	0
1036	1570	0
1036	1571	0
1036	1572	0
1036	1573	0
1036	1574	0
1036	1575	0
1036	1576	0
1036	1577	0
1036	1578	0
1036	1579	0
1036	1580	0
1036	1581	0
1036	1582	0
1037	1539	0
1037	1540	0
1037	1541	0
1037	1542	0
1037	1543	0
1037	1544	0
1037	1545	0
1037	1546	0
1037	1547	0
1037	1548	0
1037	1549	0
1037	1550	0
1037	1551	0
1037	1552	0
1037	1553	0
1037	1554	0
1037	1555	0
1037	1556	0
1037	1557	0
1037	1558	0
1037	1559	0
1037	1560	0
1037	1561	0
1037	1562	0
1037	1563	0
1037	1564	0
1037	1565	0
1037	1566	0
1037	1567	0
1037	1568	0
1037	1569	0
1037	1570	0
1037	1571	0
1037	1572	0
1037	1573	0
1037	1574	0
1037	1575	0
1037	1576	0
1037	1577	0
1037	1578	0
1037	1579	0
1037	1580	0
1037	1581	0
1037	1582	0
1037	1583	0
1037	1584	0
1037	1585	0
1037	1586	0
1037	1587	0
1037	1588	0
1038	1535	0
1038	1536	0
1038	1537	0
1038	1538	0
1038	1539	0
1038	1540	0
1038	1541	0
1038	1542	0
1038	1543	0
1038	1544	0
1038	1545	0
1038	1546	0
1038	1547	0
1038	1548	0
1038	1549	0
1038	1550	0
1038	1551	0
1038	1552	0
1038	1571	0
1038	1572	0
1038	1573	0
1038	1574	0
1038	1575	0
1038	1576	0
1038	1577	0
1038	1578	0
1038	1579	0
1038	1580	0
1038	1581	0
1038	1582	0
1038	1583	0
1038	1584	0
1038	1585	0
1038	1586	0
1038	1587	0
1038	1588	0
1038	1589	0
1038	1590	0
1038	1591	0
1038	1592	0
1038	1593	0
1039	1214	0
1039	1215	0
1039	1216	0
1039	1217	0
1039	1219	0
1039	1220	0
1039	1221	0
1039	1222	0
1039	1223	0
1039	1224	0
1039	1528	0
1039	1529	0
1039	1530	0
1039	1531	0
1039	1532	0
1039	1533	0
1039	1534	0
1039	1535	0
1039	1536	0
1039	1537	0
1039	1538	0
1039	1539	0
1039	1540	0
1039	1541	0
1039	1542	0
1039	1543	0
1039	1544	0
1039	1545	0
1039	1546	0
1039	1547	0
1039	1548	0
1039	1577	0
1039	1578	0
1039	1579	0
1039	1580	0
1039	1581	0
1039	1582	0
1039	1583	0
1039	1584	0
1039	1585	0
1039	1586	0
1039	1587	0
1039	1588	0
1039	1589	0
1039	1590	0
1039	1591	0
1039	1592	0
1039	1593	0
1039	1594	0
1039	1595	0
1039	1596	0
1039	1597	0
1039	1598	0
1040	1212	0
1040	1213	0
1040	1214	0
1040	1215	0
1040	1216	0
1040	1217	0
1040	1218	0
1040	1219	0
1040	1220	0
1040	1221	0
1040	1222	0
1040	1223	0
1040	1224	0
1040	1225	0
1040	1226	0
1040	1227	0
1040	1228	0
1040	1229	0
1040	1230	0
1040	1231	0
1040	1232	0
1040	1233	0
1040	1234	0
1040	1523	0
1040	1524	0
1040	1525	0
1040	1526	0
1040	1527	0
1040	1528	0
1040	1529	0
1040	1530	0
1040	1531	0
1040	1532	0
1040	1533	0
1040	1534	0
1040	1535	0
1040	1536	0
1040	1537	0
1040	1538	0
1040	1539	0
1040	1540	0
1040	1541	0
1040	1542	0
1040	1586	0
1040	1587	0
1040	1588	0
1040	1589	0
1040	1590	0
1040	1591	0
1040	1592	0
1040	1593	0
1040	1594	0
1040	1595	0
1040	1596	0
1040	1597	0
1040	1598	0
1040	1599	0
1040	1600	0
1040	1601	0
1040	1602	0
1041	1200	0
1041	1201	0
1041	1206	0
1041	1207	0
1041	1208	0
1041	1209	0
1041	1210	0
1041	1211	0
1041	1212	0
1041	1213	0
1041	1214	0
1041	1215	0
1041	1216	0
1041	1217	0
1041	1218	0
1041	1219	0
1041	1220	0
1041	1221	0
1041	1222	0
1041	1223	0
1041	1224	0
1041	1225	0
1041	1226	0
1041	1227	0
1041	1228	0
1041	1229	0
1041	1230	0
1041	1231	0
1041	1232	0
1041	1233	0
1041	1234	0
1041	1235	0
1041	1236	0
1041	1237	0
1041	1238	0
1041	1239	0
1041	1514	0
1041	1515	0
1041	1516	0
1041	1517	0
1041	1518	0
1041	1519	0
1041	1520	0
1041	1521	0
1041	1522	0
1041	1523	0
1041	1524	0
1041	1525	0
1041	1526	0
1041	1527	0
1041	1528	0
1041	1529	0
1041	1530	0
1041	1531	0
1041	1532	0
1041	1533	0
1041	1534	0
1041	1535	0
1041	1536	0
1041	1537	0
1041	1590	0
1041	1591	0
1041	1592	0
1041	1593	0
1041	1594	0
1041	1595	0
1041	1596	0
1041	1597	0
1041	1598	0
1041	1599	0
1041	1600	0
1041	1601	0
1041	1602	0
1041	1603	0
1041	1604	0
1041	1605	0
1041	1606	0
1041	1607	0
1041	1608	0
1041	1609	0
1041	1610	0
1042	1200	0
1042	1201	0
1042	1202	0
1042	1203	0
1042	1204	0
1042	1205	0
1042	1206	0
1042	1207	0
1042	1208	0
1042	1209	0
1042	1210	0
1042	1211	0
1042	1212	0
1042	1213	0
1042	1214	0
1042	1215	0
1042	1223	0
1042	1224	0
1042	1225	0
1042	1227	0
1042	1228	0
1042	1231	0
1042	1232	0
1042	1233	0
1042	1234	0
1042	1235	0
1042	1236	0
1042	1237	0
1042	1238	0
1042	1239	0
1042	1240	0
1042	1241	0
1042	1242	0
1042	1243	0
1042	1244	0
1042	1245	0
1042	1246	0
1042	1247	0
1042	1503	0
1042	1504	0
1042	1505	0
1042	1506	0
1042	1507	0
1042	1508	0
1042	1509	0
1042	1510	0
1042	1511	0
1042	1512	0
1042	1513	0
1042	1514	0
1042	1515	0
1042	1516	0
1042	1517	0
1042	1518	0
1042	1519	0
1042	1520	0
1042	1521	0
1042	1522	0
1042	1523	0
1042	1524	0
1042	1525	0
1042	1526	0
1042	1527	0
1042	1528	0
1042	1529	0
1042	1530	0
1042	1531	0
1042	1532	0
1042	1533	0
1042	1534	0
1042	1597	0
1042	1598	0
1042	1599	0
1042	1600	0
1042	1601	0
1042	1602	0
1042	1603	0
1042	1604	0
1042	1605	0
1042	1606	0
1042	1607	0
1042	1608	0
1042	1609	0
1042	1610	0
1042	1611	0
1042	1612	0
1042	1613	0
1042	1614	0
1042	1615	0
1042	1616	0
1043	1200	0
1043	1201	0
1043	1202	0
1043	1203	0
1043	1204	0
1043	1205	0
1043	1206	0
1043	1207	0
1043	1208	0
1043	1209	0
1043	1233	0
1043	1234	0
1043	1235	0
1043	1236	0
1043	1237	0
1043	1238	0
1043	1239	0
1043	1240	0
1043	1241	0
1043	1242	0
1043	1243	0
1043	1244	0
1043	1245	0
1043	1246	0
1043	1247	0
1043	1248	0
1043	1249	0
1043	1250	0
1043	1251	0
1043	1252	0
1043	1253	0
1043	1254	0
1043	1310	0
1043	1311	0
1043	1312	0
1043	1313	0
1043	1314	0
1043	1315	0
1043	1316	0
1043	1317	0
1043	1318	0
1043	1319	0
1043	1320	0
1043	1321	0
1043	1322	0
1043	1323	0
1043	1324	0
1043	1325	0
1043	1326	0
1043	1327	0
1043	1328	0
1043	1329	0
1043	1330	0
1043	1331	0
1043	1332	0
1043	1333	0
1043	1334	0
1043	1335	0
1043	1336	0
1043	1337	0
1043	1338	0
1043	1339	0
1043	1340	0
1043	1341	0
1043	1342	0
1043	1343	0
1043	1344	0
1043	1345	0
1043	1346	0
1043	1347	0
1043	1348	0
1043	1349	0
1043	1350	0
1043	1351	0
1043	1352	0
1043	1353	0
1043	1354	0
1043	1355	0
1043	1356	0
1043	1357	0
1043	1358	0
1043	1359	0
1043	1360	0
1043	1361	0
1043	1362	0
1043	1363	0
1043	1364	0
1043	1365	0
1043	1366	0
1043	1367	0
1043	1368	0
1043	1369	0
1043	1370	0
1043	1371	0
1043	1372	0
1043	1373	0
1043	1374	0
1043	1375	0
1043	1376	0
1043	1377	0
1043	1378	0
1043	1379	0
1043	1380	0
1043	1381	0
1043	1382	0
1043	1383	0
1043	1384	0
1043	1385	0
1043	1386	0
1043	1387	0
1043	1388	0
1043	1389	0
1043	1390	0
1043	1391	0
1043	1392	0
1043	1393	0
1043	1394	0
1043	1395	0
1043	1396	0
1043	1397	0
1043	1398	0
1043	1399	0
1043	1400	0
1043	1401	0
1043	1402	0
1043	1403	0
1043	1404	0
1043	1405	0
1043	1406	0
1043	1407	0
1043	1408	0
1043	1409	0
1043	1410	0
1043	1411	0
1043	1412	0
1043	1413	0
1043	1414	0
1043	1415	0
1043	1416	0
1043	1417	0
1043	1418	0
1043	1419	0
1043	1420	0
1043	1421	0
1043	1422	0
1043	1423	0
1043	1424	0
1043	1425	0
1043	1426	0
1043	1432	0
1043	1433	0
1043	1434	0
1043	1435	0
1043	1436	0
1043	1487	0
1043	1488	0
1043	1489	0
1043	1490	0
1043	1491	0
1043	1492	0
1043	1493	0
1043	1494	0
1043	1495	0
1043	1496	0
1043	1497	0
1043	1498	0
1043	1499	0
1043	1500	0
1043	1501	0
1043	1502	0
1043	1503	0
1043	1504	0
1043	1505	0
1043	1506	0
1043	1507	0
1043	1508	0
1043	1509	0
1043	1510	0
1043	1511	0
1043	1512	0
1043	1513	0
1043	1514	0
1043	1515	0
1043	1516	0
1043	1517	0
1043	1518	0
1043	1519	0
1043	1520	0
1043	1521	0
1043	1522	0
1043	1602	0
1043	1603	0
1043	1604	0
1043	1605	0
1043	1606	0
1043	1607	0
1043	1608	0
1043	1609	0
1043	1610	0
1043	1611	0
1043	1612	0
1043	1613	0
1043	1614	0
1043	1615	0
1043	1616	0
1043	1617	0
1043	1618	0
1043	1619	0
1043	1620	0
1043	1621	0
1043	1622	0
1043	1623	0
1043	1624	0
1044	1202	0
1044	1203	0
1044	1204	0
1044	1205	0
1044	1206	0
1044	1207	0
1044	1237	0
1044	1238	0
1044	1239	0
1044	1244	0
1044	1245	0
1044	1246	0
1044	1247	0
1044	1248	0
1044	1249	0
1044	1250	0
1044	1251	0
1044	1252	0
1044	1253	0
1044	1254	0
1044	1255	0
1044	1256	0
1044	1257	0
1044	1258	0
1044	1259	0
1044	1260	0
1044	1261	0
1044	1262	0
1044	1263	0
1044	1264	0
1044	1265	0
1044	1266	0
1044	1267	0
1044	1268	0
1044	1269	0
1044	1270	0
1044	1271	0
1044	1272	0
1044	1273	0
1044	1274	0
1044	1275	0
1044	1276	0
1044	1277	0
1044	1278	0
1044	1279	0
1044	1280	0
1044	1286	0
1044	1287	0
1044	1288	0
1044	1289	0
1044	1290	0
1044	1291	0
1044	1292	0
1044	1293	0
1044	1294	0
1044	1295	0
1044	1296	0
1044	1297	0
1044	1298	0
1044	1299	0
1044	1300	0
1044	1301	0
1044	1302	0
1044	1303	0
1044	1304	0
1044	1305	0
1044	1306	0
1044	1307	0
1044	1308	0
1044	1309	0
1044	1310	0
1044	1311	0
1044	1312	0
1044	1313	0
1044	1314	0
1044	1315	0
1044	1316	0
1044	1317	0
1044	1318	0
1044	1319	0
1044	1320	0
1044	1321	0
1044	1322	0
1044	1323	0
1044	1324	0
1044	1325	0
1044	1326	0
1044	1327	0
1044	1328	0
1044	1329	0
1044	1330	0
1044	1331	0
1044	1332	0
1044	1333	0
1044	1334	0
1044	1335	0
1044	1336	0
1044	1337	0
1044	1338	0
1044	1339	0
1044	1340	0
1044	1341	0
1044	1342	0
1044	1343	0
1044	1344	0
1044	1345	0
1044	1346	0
1044	1347	0
1044	1348	0
1044	1349	0
1044	1350	0
1044	1351	0
1044	1352	0
1044	1353	0
1044	1354	0
1044	1355	0
1044	1356	0
1044	1357	0
1044	1358	0
1044	1359	0
1044	1360	0
1044	1361	0
1044	1362	0
1044	1363	0
1044	1364	0
1044	1365	0
1044	1366	0
1044	1367	0
1044	1368	0
1044	1369	0
1044	1370	0
1044	1371	0
1044	1372	0
1044	1373	0
1044	1374	0
1044	1375	0
1044	1376	0
1044	1377	0
1044	1378	0
1044	1379	0
1044	1380	0
1044	1381	0
1044	1382	0
1044	1383	0
1044	1384	0
1044	1385	0
1044	1386	0
1044	1387	0
1044	1388	0
1044	1389	0
1044	1390	0
1044	1391	0
1044	1392	0
1044	1393	0
1044	1394	0
1044	1395	0
1044	1396	0
1044	1397	0
1044	1398	0
1044	1399	0
1044	1400	0
1044	1401	0
1044	1402	0
1044	1403	0
1044	1404	0
1044	1405	0
1044	1406	0
1044	1407	0
1044	1408	0
1044	1409	0
1044	1410	0
1044	1411	0
1044	1412	0
1044	1413	0
1044	1414	0
1044	1415	0
1044	1416	0
1044	1417	0
1044	1418	0
1044	1419	0
1044	1420	0
1044	1421	0
1044	1422	0
1044	1423	0
1044	1424	0
1044	1425	0
1044	1426	0
1044	1427	0
1044	1428	0
1044	1429	0
1044	1430	0
1044	1431	0
1044	1432	0
1044	1433	0
1044	1434	0
1044	1435	0
1044	1436	0
1044	1437	0
1044	1438	0
1044	1439	0
1044	1440	0
1044	1441	0
1044	1442	0
1044	1443	0
1044	1444	0
1044	1445	0
1044	1446	0
1044	1447	0
1044	1448	0
1044	1449	0
1044	1450	0
1044	1451	0
1044	1452	0
1044	1453	0
1044	1454	0
1044	1455	0
1044	1457	0
1044	1458	0
1044	1459	0
1044	1460	0
1044	1461	0
1044	1462	0
1044	1463	0
1044	1464	0
1044	1465	0
1044	1466	0
1044	1467	0
1044	1468	0
1044	1469	0
1044	1470	0
1044	1471	0
1044	1472	0
1044	1473	0
1044	1474	0
1044	1475	0
1044	1476	0
1044	1477	0
1044	1478	0
1044	1479	0
1044	1480	0
1044	1481	0
1044	1482	0
1044	1483	0
1044	1484	0
1044	1485	0
1044	1486	0
1044	1487	0
1044	1488	0
1044	1489	0
1044	1490	0
1044	1491	0
1044	1492	0
1044	1493	0
1044	1494	0
1044	1495	0
1044	1496	0
1044	1497	0
1044	1498	0
1044	1499	0
1044	1500	0
1044	1501	0
1044	1502	0
1044	1503	0
1044	1504	0
1044	1505	0
1044	1506	0
1044	1507	0
1044	1508	0
1044	1509	0
1044	1510	0
1044	1511	0
1044	1512	0
1044	1513	0
1044	1514	0
1044	1515	0
1044	1516	0
1044	1609	0
1044	1610	0
1044	1611	0
1044	1612	0
1044	1613	0
1044	1614	0
1044	1615	0
1044	1616	0
1044	1617	0
1044	1618	0
1044	1619	0
1044	1620	0
1044	1621	0
1044	1622	0
1044	1623	0
1044	1624	0
1044	1625	0
1044	1626	0
1044	1627	0
1044	1628	0
1044	1629	0
1044	1630	0
1044	1631	0
1044	1632	0
1044	1860	0
1044	1861	0
1045	1246	0
1045	1247	0
1045	1248	0
1045	1249	0
1045	1250	0
1045	1251	0
1045	1252	0
1045	1253	0
1045	1254	0
1045	1255	0
1045	1256	0
1045	1257	0
1045	1258	0
1045	1259	0
1045	1260	0
1045	1261	0
1045	1262	0
1045	1263	0
1045	1264	0
1045	1265	0
1045	1266	0
1045	1267	0
1045	1268	0
1045	1269	0
1045	1270	0
1045	1271	0
1045	1272	0
1045	1273	0
1045	1274	0
1045	1275	0
1045	1276	0
1045	1277	0
1045	1278	0
1045	1279	0
1045	1280	0
1045	1281	0
1045	1282	0
1045	1283	0
1045	1284	0
1045	1285	0
1045	1286	0
1045	1287	0
1045	1288	0
1045	1289	0
1045	1290	0
1045	1291	0
1045	1292	0
1045	1293	0
1045	1294	0
1045	1295	0
1045	1296	0
1045	1297	0
1045	1298	0
1045	1299	0
1045	1300	0
1045	1301	0
1045	1302	0
1045	1303	0
1045	1304	0
1045	1305	0
1045	1306	0
1045	1307	0
1045	1308	0
1045	1309	0
1045	1310	0
1045	1311	0
1045	1312	0
1045	1313	0
1045	1314	0
1045	1315	0
1045	1316	0
1045	1317	0
1045	1318	0
1045	1319	0
1045	1320	0
1045	1321	0
1045	1322	0
1045	1323	0
1045	1324	0
1045	1325	0
1045	1326	0
1045	1327	0
1045	1328	0
1045	1329	0
1045	1330	0
1045	1331	0
1045	1332	0
1045	1333	0
1045	1334	0
1045	1335	0
1045	1336	0
1045	1337	0
1045	1338	0
1045	1339	0
1045	1340	0
1045	1341	0
1045	1342	0
1045	1343	0
1045	1344	0
1045	1345	0
1045	1346	0
1045	1347	0
1045	1348	0
1045	1349	0
1045	1350	0
1045	1351	0
1045	1352	0
1045	1353	0
1045	1354	0
1045	1355	0
1045	1356	0
1045	1357	0
1045	1358	0
1045	1359	0
1045	1360	0
1045	1361	0
1045	1362	0
1045	1363	0
1045	1364	0
1045	1365	0
1045	1366	0
1045	1367	0
1045	1368	0
1045	1369	0
1045	1370	0
1045	1371	0
1045	1372	0
1045	1373	0
1045	1374	0
1045	1375	0
1045	1376	0
1045	1377	0
1045	1378	0
1045	1379	0
1045	1380	0
1045	1381	0
1045	1382	0
1045	1383	0
1045	1384	0
1045	1385	0
1045	1386	0
1045	1387	0
1045	1388	0
1045	1389	0
1045	1390	0
1045	1391	0
1045	1392	0
1045	1393	0
1045	1394	0
1045	1395	0
1045	1396	0
1045	1397	0
1045	1398	0
1045	1399	0
1045	1400	0
1045	1401	0
1045	1402	0
1045	1403	0
1045	1404	0
1045	1405	0
1045	1406	0
1045	1407	0
1045	1408	0
1045	1409	0
1045	1410	0
1045	1411	0
1045	1412	0
1045	1413	0
1045	1414	0
1045	1415	0
1045	1416	0
1045	1417	0
1045	1418	0
1045	1419	0
1045	1420	0
1045	1421	0
1045	1422	0
1045	1423	0
1045	1424	0
1045	1425	0
1045	1426	0
1045	1427	0
1045	1428	0
1045	1429	0
1045	1430	0
1045	1431	0
1045	1432	0
1045	1433	0
1045	1434	0
1045	1435	0
1045	1436	0
1045	1437	0
1045	1438	0
1045	1439	0
1045	1440	0
1045	1441	0
1045	1442	0
1045	1443	0
1045	1444	0
1045	1445	0
1045	1446	0
1045	1447	0
1045	1448	0
1045	1449	0
1045	1450	0
1045	1451	0
1045	1452	0
1045	1453	0
1045	1454	0
1045	1455	0
1045	1456	0
1045	1457	0
1045	1458	0
1045	1459	0
1045	1460	0
1045	1461	0
1045	1462	0
1045	1463	0
1045	1464	0
1045	1465	0
1045	1466	0
1045	1467	0
1045	1468	0
1045	1469	0
1045	1470	0
1045	1471	0
1045	1472	0
1045	1473	0
1045	1474	0
1045	1475	0
1045	1476	0
1045	1477	0
1045	1478	0
1045	1479	0
1045	1480	0
1045	1481	0
1045	1482	0
1045	1483	0
1045	1484	0
1045	1485	0
1045	1486	0
1045	1487	0
1045	1488	0
1045	1489	0
1045	1490	0
1045	1491	0
1045	1492	0
1045	1493	0
1045	1494	0
1045	1495	0
1045	1496	0
1045	1497	0
1045	1498	0
1045	1499	0
1045	1500	0
1045	1501	0
1045	1502	0
1045	1503	0
1045	1615	0
1045	1616	0
1045	1617	0
1045	1618	0
1045	1619	0
1045	1620	0
1045	1621	0
1045	1622	0
1045	1623	0
1045	1624	0
1045	1625	0
1045	1626	0
1045	1627	0
1045	1628	0
1045	1629	0
1045	1630	0
1045	1631	0
1045	1632	0
1045	1633	0
1045	1634	0
1045	1635	0
1045	1636	0
1045	1637	0
1045	1638	0
1045	1738	0
1045	1739	0
1045	1740	0
1045	1741	0
1045	1742	0
1045	1743	0
1045	1744	0
1045	1745	0
1045	1746	0
1045	1747	0
1045	1748	0
1045	1749	0
1045	1750	0
1045	1751	0
1045	1752	0
1045	1753	0
1045	1754	0
1045	1755	0
1045	1756	0
1045	1757	0
1045	1758	0
1045	1759	0
1045	1760	0
1045	1761	0
1045	1762	0
1045	1763	0
1045	1764	0
1045	1765	0
1045	1766	0
1045	1767	0
1045	1768	0
1045	1769	0
1045	1770	0
1045	1771	0
1045	1772	0
1045	1773	0
1045	1774	0
1045	1775	0
1045	1776	0
1045	1777	0
1045	1778	0
1045	1779	0
1045	1780	0
1045	1781	0
1045	1782	0
1045	1783	0
1045	1784	0
1045	1785	0
1045	1786	0
1045	1787	0
1045	1788	0
1045	1789	0
1045	1790	0
1045	1791	0
1045	1792	0
1045	1793	0
1045	1794	0
1045	1795	0
1045	1796	0
1045	1797	0
1045	1798	0
1045	1799	0
1045	1800	0
1045	1803	0
1045	1804	0
1045	1805	0
1045	1829	0
1045	1830	0
1045	1831	0
1045	1832	0
1045	1833	0
1045	1834	0
1045	1835	0
1045	1836	0
1045	1837	0
1045	1838	0
1045	1839	0
1045	1840	0
1045	1841	0
1045	1842	0
1045	1843	0
1045	1844	0
1045	1845	0
1045	1846	0
1045	1847	0
1045	1848	0
1045	1849	0
1045	1850	0
1045	1851	0
1045	1852	0
1045	1853	0
1045	1854	0
1045	1855	0
1045	1856	0
1045	1857	0
1045	1858	0
1045	1859	0
1045	1860	0
1045	1861	0
1045	1862	0
1045	1863	0
1045	1864	0
1045	1865	0
1045	1866	0
1045	1867	0
1045	1868	0
1045	1869	0
1045	1870	0
1045	1871	0
1045	1872	0
1045	1873	0
1045	1874	0
1045	1875	0
1045	1876	0
1045	1877	0
1045	1878	0
1045	1879	0
1045	1880	0
1045	1881	0
1045	1882	0
1045	1883	0
1045	1884	0
1045	1885	0
1045	1886	0
1045	1887	0
1045	1888	0
1045	1889	0
1045	1890	0
1045	1891	0
1045	1892	0
1045	1893	0
1045	1894	0
1045	1895	0
1045	1896	0
1045	1897	0
1045	1898	0
1045	1899	0
1045	1900	0
1046	1251	0
1046	1252	0
1046	1253	0
1046	1254	0
1046	1255	0
1046	1256	0
1046	1257	0
1046	1258	0
1046	1259	0
1046	1260	0
1046	1261	0
1046	1262	0
1046	1263	0
1046	1264	0
1046	1265	0
1046	1266	0
1046	1267	0
1046	1268	0
1046	1269	0
1046	1270	0
1046	1271	0
1046	1272	0
1046	1273	0
1046	1274	0
1046	1275	0
1046	1276	0
1046	1277	0
1046	1278	0
1046	1279	0
1046	1280	0
1046	1281	0
1046	1282	0
1046	1283	0
1046	1284	0
1046	1285	0
1046	1286	0
1046	1287	0
1046	1288	0
1046	1289	0
1046	1290	0
1046	1291	0
1046	1292	0
1046	1293	0
1046	1294	0
1046	1295	0
1046	1296	0
1046	1297	0
1046	1298	0
1046	1299	0
1046	1300	0
1046	1301	0
1046	1302	0
1046	1303	0
1046	1304	0
1046	1305	0
1046	1306	0
1046	1307	0
1046	1308	0
1046	1309	0
1046	1310	0
1046	1311	0
1046	1312	0
1046	1313	0
1046	1314	0
1046	1315	0
1046	1316	0
1046	1317	0
1046	1318	0
1046	1319	0
1046	1363	0
1046	1364	0
1046	1365	0
1046	1366	0
1046	1367	0
1046	1368	0
1046	1369	0
1046	1370	0
1046	1371	0
1046	1372	0
1046	1390	0
1046	1397	0
1046	1398	0
1046	1399	0
1046	1400	0
1046	1401	0
1046	1402	0
1046	1403	0
1046	1405	0
1046	1406	0
1046	1407	0
1046	1408	0
1046	1409	0
1046	1410	0
1046	1411	0
1046	1412	0
1046	1413	0
1046	1414	0
1046	1415	0
1046	1416	0
1046	1417	0
1046	1418	0
1046	1419	0
1046	1420	0
1046	1421	0
1046	1422	0
1046	1423	0
1046	1424	0
1046	1425	0
1046	1426	0
1046	1427	0
1046	1428	0
1046	1429	0
1046	1430	0
1046	1431	0
1046	1432	0
1046	1433	0
1046	1434	0
1046	1435	0
1046	1436	0
1046	1437	0
1046	1438	0
1046	1439	0
1046	1440	0
1046	1441	0
1046	1442	0
1046	1443	0
1046	1444	0
1046	1445	0
1046	1446	0
1046	1447	0
1046	1448	0
1046	1449	0
1046	1450	0
1046	1451	0
1046	1452	0
1046	1453	0
1046	1454	0
1046	1455	0
1046	1456	0
1046	1457	0
1046	1458	0
1046	1459	0
1046	1460	0
1046	1461	0
1046	1462	0
1046	1463	0
1046	1464	0
1046	1465	0
1046	1466	0
1046	1467	0
1046	1468	0
1046	1469	0
1046	1470	0
1046	1471	0
1046	1472	0
1046	1473	0
1046	1474	0
1046	1475	0
1046	1476	0
1046	1477	0
1046	1478	0
1046	1479	0
1046	1480	0
1046	1481	0
1046	1482	0
1046	1483	0
1046	1484	0
1046	1485	0
1046	1486	0
1046	1487	0
1046	1488	0
1046	1489	0
1046	1490	0
1046	1491	0
1046	1492	0
1046	1493	0
1046	1494	0
1046	1624	0
1046	1625	0
1046	1626	0
1046	1627	0
1046	1628	0
1046	1629	0
1046	1630	0
1046	1631	0
1046	1632	0
1046	1633	0
1046	1634	0
1046	1635	0
1046	1636	0
1046	1637	0
1046	1638	0
1046	1639	0
1046	1640	0
1046	1641	0
1046	1642	0
1046	1643	0
1046	1644	0
1046	1645	0
1046	1646	0
1046	1647	0
1046	1648	0
1046	1649	0
1046	1734	0
1046	1735	0
1046	1736	0
1046	1737	0
1046	1738	0
1046	1739	0
1046	1740	0
1046	1741	0
1046	1742	0
1046	1743	0
1046	1744	0
1046	1745	0
1046	1746	0
1046	1747	0
1046	1748	0
1046	1749	0
1046	1750	0
1046	1751	0
1046	1752	0
1046	1753	0
1046	1754	0
1046	1755	0
1046	1756	0
1046	1757	0
1046	1758	0
1046	1759	0
1046	1760	0
1046	1761	0
1046	1762	0
1046	1763	0
1046	1764	0
1046	1765	0
1046	1766	0
1046	1767	0
1046	1768	0
1046	1769	0
1046	1770	0
1046	1771	0
1046	1772	0
1046	1773	0
1046	1774	0
1046	1775	0
1046	1776	0
1046	1777	0
1046	1778	0
1046	1779	0
1046	1780	0
1046	1781	0
1046	1782	0
1046	1783	0
1046	1784	0
1046	1785	0
1046	1786	0
1046	1787	0
1046	1788	0
1046	1789	0
1046	1790	0
1046	1791	0
1046	1792	0
1046	1793	0
1046	1794	0
1046	1795	0
1046	1796	0
1046	1797	0
1046	1798	0
1046	1799	0
1046	1800	0
1046	1801	0
1046	1802	0
1046	1803	0
1046	1804	0
1046	1805	0
1046	1806	0
1046	1807	0
1046	1808	0
1046	1809	0
1046	1810	0
1046	1811	0
1046	1812	0
1046	1813	0
1046	1814	0
1046	1815	0
1046	1816	0
1046	1817	0
1046	1818	0
1046	1819	0
1046	1820	0
1046	1821	0
1046	1822	0
1046	1823	0
1046	1824	0
1046	1825	0
1046	1826	0
1046	1827	0
1046	1828	0
1046	1829	0
1046	1830	0
1046	1831	0
1046	1832	0
1046	1833	0
1046	1834	0
1046	1835	0
1046	1836	0
1046	1837	0
1046	1838	0
1046	1839	0
1046	1840	0
1046	1841	0
1046	1842	0
1046	1843	0
1046	1844	0
1046	1845	0
1046	1846	0
1046	1847	0
1046	1848	0
1046	1849	0
1046	1850	0
1046	1851	0
1046	1852	0
1046	1853	0
1046	1854	0
1046	1855	0
1046	1856	0
1046	1857	0
1046	1858	0
1046	1859	0
1046	1860	0
1046	1861	0
1046	1862	0
1046	1863	0
1046	1864	0
1046	1865	0
1046	1866	0
1046	1867	0
1046	1868	0
1046	1874	0
1046	1875	0
1046	1876	0
1046	1877	0
1046	1878	0
1046	1879	0
1046	1880	0
1046	1881	0
1046	1882	0
1046	1883	0
1046	1884	0
1046	1885	0
1046	1886	0
1046	1887	0
1046	1888	0
1046	1889	0
1046	1890	0
1046	1891	0
1046	1892	0
1046	1893	0
1046	1894	0
1046	1895	0
1046	1896	0
1046	1897	0
1046	1898	0
1046	1899	0
1046	1900	0
1046	1901	0
1046	1902	0
1046	1903	0
1046	1904	0
1046	1905	0
1046	1906	0
1046	1907	0
1046	1908	0
1046	1909	0
1047	1268	0
1047	1269	0
1047	1270	0
1047	1271	0
1047	1272	0
1047	1273	0
1047	1274	0
1047	1275	0
1047	1276	0
1047	1277	0
1047	1278	0
1047	1279	0
1047	1280	0
1047	1281	0
1047	1282	0
1047	1283	0
1047	1284	0
1047	1285	0
1047	1286	0
1047	1287	0
1047	1288	0
1047	1289	0
1047	1290	0
1047	1291	0
1047	1292	0
1047	1293	0
1047	1294	0
1047	1295	0
1047	1296	0
1047	1440	0
1047	1441	0
1047	1448	0
1047	1449	0
1047	1450	0
1047	1453	0
1047	1454	0
1047	1455	0
1047	1456	0
1047	1457	0
1047	1458	0
1047	1459	0
1047	1460	0
1047	1461	0
1047	1462	0
1047	1463	0
1047	1464	0
1047	1465	0
1047	1466	0
1047	1632	0
1047	1633	0
1047	1634	0
1047	1635	0
1047	1636	0
1047	1637	0
1047	1638	0
1047	1639	0
1047	1640	0
1047	1641	0
1047	1642	0
1047	1643	0
1047	1644	0
1047	1645	0
1047	1646	0
1047	1647	0
1047	1648	0
1047	1649	0
1047	1650	0
1047	1651	0
1047	1652	0
1047	1653	0
1047	1654	0
1047	1655	0
1047	1656	0
1047	1657	0
1047	1658	0
1047	1732	0
1047	1733	0
1047	1734	0
1047	1735	0
1047	1736	0
1047	1737	0
1047	1738	0
1047	1739	0
1047	1740	0
1047	1741	0
1047	1742	0
1047	1743	0
1047	1744	0
1047	1745	0
1047	1746	0
1047	1747	0
1047	1748	0
1047	1749	0
1047	1750	0
1047	1751	0
1047	1752	0
1047	1753	0
1047	1754	0
1047	1755	0
1047	1756	0
1047	1757	0
1047	1758	0
1047	1759	0
1047	1760	0
1047	1761	0
1047	1762	0
1047	1763	0
1047	1764	0
1047	1765	0
1047	1766	0
1047	1767	0
1047	1768	0
1047	1769	0
1047	1770	0
1047	1771	0
1047	1772	0
1047	1773	0
1047	1774	0
1047	1775	0
1047	1776	0
1047	1777	0
1047	1778	0
1047	1779	0
1047	1780	0
1047	1781	0
1047	1782	0
1047	1783	0
1047	1784	0
1047	1785	0
1047	1786	0
1047	1787	0
1047	1788	0
1047	1789	0
1047	1790	0
1047	1791	0
1047	1792	0
1047	1793	0
1047	1794	0
1047	1795	0
1047	1796	0
1047	1797	0
1047	1798	0
1047	1799	0
1047	1800	0
1047	1801	0
1047	1802	0
1047	1803	0
1047	1804	0
1047	1805	0
1047	1806	0
1047	1807	0
1047	1808	0
1047	1809	0
1047	1810	0
1047	1811	0
1047	1812	0
1047	1813	0
1047	1814	0
1047	1815	0
1047	1816	0
1047	1817	0
1047	1818	0
1047	1819	0
1047	1820	0
1047	1821	0
1047	1822	0
1047	1823	0
1047	1824	0
1047	1825	0
1047	1826	0
1047	1827	0
1047	1828	0
1047	1829	0
1047	1830	0
1047	1831	0
1047	1832	0
1047	1833	0
1047	1834	0
1047	1835	0
1047	1836	0
1047	1837	0
1047	1838	0
1047	1839	0
1047	1840	0
1047	1841	0
1047	1842	0
1047	1843	0
1047	1844	0
1047	1845	0
1047	1846	0
1047	1847	0
1047	1848	0
1047	1849	0
1047	1850	0
1047	1857	0
1047	1858	0
1047	1859	0
1047	1860	0
1047	1892	0
1047	1896	0
1047	1897	0
1047	1898	0
1047	1903	0
1047	1904	0
1047	1905	0
1047	1906	0
1047	1907	0
1047	1908	0
1047	1909	0
1047	1910	0
1047	1911	0
1047	1912	0
1047	1913	0
1047	1914	0
1047	1915	0
1048	1637	0
1048	1638	0
1048	1639	0
1048	1640	0
1048	1641	0
1048	1642	0
1048	1643	0
1048	1644	0
1048	1645	0
1048	1646	0
1048	1647	0
1048	1648	0
1048	1649	0
1048	1650	0
1048	1651	0
1048	1652	0
1048	1653	0
1048	1654	0
1048	1655	0
1048	1656	0
1048	1657	0
1048	1658	0
1048	1659	0
1048	1660	0
1048	1661	0
1048	1662	0
1048	1663	0
1048	1664	0
1048	1665	0
1048	1727	0
1048	1728	0
1048	1729	0
1048	1730	0
1048	1731	0
1048	1732	0
1048	1733	0
1048	1734	0
1048	1735	0
1048	1736	0
1048	1737	0
1048	1738	0
1048	1739	0
1048	1740	0
1048	1741	0
1048	1742	0
1048	1743	0
1048	1744	0
1048	1745	0
1048	1746	0
1048	1747	0
1048	1748	0
1048	1749	0
1048	1754	0
1048	1811	0
1048	1812	0
1048	1813	0
1048	1818	0
1048	1829	0
1048	1830	0
1048	1831	0
1048	1908	0
1048	1909	0
1048	1910	0
1048	1911	0
1048	1912	0
1048	1913	0
1048	1914	0
1048	1915	0
1048	1916	0
1048	1917	0
1048	1918	0
1048	1919	0
1048	1920	0
1048	1921	0
1049	1647	0
1049	1648	0
1049	1649	0
1049	1650	0
1049	1651	0
1049	1652	0
1049	1653	0
1049	1654	0
1049	1655	0
1049	1656	0
1049	1657	0
1049	1658	0
1049	1659	0
1049	1660	0
1049	1661	0
1049	1662	0
1049	1663	0
1049	1664	0
1049	1665	0
1049	1666	0
1049	1667	0
1049	1668	0
1049	1669	0
1049	1670	0
1049	1671	0
1049	1672	0
1049	1673	0
1049	1674	0
1049	1675	0
1049	1676	0
1049	1677	0
1049	1678	0
1049	1719	0
1049	1720	0
1049	1721	0
1049	1722	0
1049	1723	0
1049	1724	0
1049	1725	0
1049	1726	0
1049	1727	0
1049	1728	0
1049	1729	0
1049	1730	0
1049	1731	0
1049	1732	0
1049	1733	0
1049	1734	0
1049	1735	0
1049	1736	0
1049	1914	0
1049	1915	0
1049	1916	0
1049	1919	0
1049	1920	0
1049	1921	0
1050	1653	0
1050	1654	0
1050	1655	0
1050	1656	0
1050	1657	0
1050	1658	0
1050	1659	0
1050	1660	0
1050	1661	0
1050	1662	0
1050	1663	0
1050	1664	0
1050	1665	0
1050	1666	0
1050	1667	0
1050	1668	0
1050	1669	0
1050	1670	0
1050	1671	0
1050	1672	0
1050	1673	0
1050	1674	0
1050	1675	0
1050	1676	0
1050	1677	0
1050	1678	0
1050	1679	0
1050	1680	0
1050	1681	0
1050	1682	0
1050	1683	0
1050	1684	0
1050	1685	0
1050	1686	0
1050	1687	0
1050	1688	0
1050	1689	0
1050	1690	0
1050	1691	0
1050	1692	0
1050	1693	0
1050	1694	0
1050	1695	0
1050	1696	0
1050	1697	0
1050	1698	0
1050	1699	0
1050	1700	0
1050	1701	0
1050	1702	0
1050	1703	0
1050	1704	0
1050	1705	0
1050	1706	0
1050	1707	0
1050	1708	0
1050	1709	0
1050	1710	0
1050	1711	0
1050	1712	0
1050	1713	0
1050	1714	0
1050	1715	0
1050	1716	0
1050	1717	0
1050	1718	0
1050	1719	0
1050	1720	0
1050	1721	0
1050	1722	0
1050	1723	0
1050	1724	0
1050	1725	0
1050	1726	0
1050	1727	0
1050	1728	0
1050	1729	0
1050	1730	0
1050	1731	0
1050	1732	0
1050	1733	0
1051	1663	0
1051	1664	0
1051	1665	0
1051	1666	0
1051	1667	0
1051	1668	0
1051	1669	0
1051	1670	0
1051	1671	0
1051	1672	0
1051	1673	0
1051	1674	0
1051	1675	0
1051	1676	0
1051	1677	0
1051	1678	0
1051	1679	0
1051	1680	0
1051	1681	0
1051	1682	0
1051	1683	0
1051	1684	0
1051	1685	0
1051	1686	0
1051	1687	0
1051	1688	0
1051	1689	0
1051	1690	0
1051	1691	0
1051	1692	0
1051	1693	0
1051	1694	0
1051	1695	0
1051	1696	0
1051	1697	0
1051	1698	0
1051	1699	0
1051	1700	0
1051	1701	0
1051	1702	0
1051	1703	0
1051	1704	0
1051	1705	0
1051	1706	0
1051	1707	0
1051	1708	0
1051	1709	0
1051	1710	0
1051	1711	0
1051	1712	0
1051	1713	0
1051	1714	0
1051	1715	0
1051	1716	0
1051	1717	0
1051	1718	0
1051	1719	0
1051	1720	0
1051	1721	0
1051	1722	0
1051	1723	0
1051	1724	0
1051	1725	0
1051	1726	0
1051	1727	0
1051	1728	0
1051	1729	0
1051	1730	0
1052	1672	0
1052	1673	0
1052	1674	0
1052	1675	0
1052	1676	0
1052	1677	0
1052	1678	0
1052	1679	0
1052	1680	0
1052	1681	0
1052	1682	0
1052	1683	0
1052	1684	0
1052	1685	0
1052	1686	0
1052	1687	0
1052	1688	0
1052	1689	0
1052	1690	0
1052	1691	0
1052	1692	0
1052	1693	0
1052	1694	0
1052	1695	0
1052	1696	0
1052	1697	0
1052	1698	0
1052	1699	0
1052	1700	0
1052	1701	0
1052	1702	0
1052	1703	0
1052	1704	0
1052	1705	0
1052	1706	0
1052	1707	0
1052	1708	0
1052	1709	0
1052	1710	0
1052	1711	0
1052	1712	0
1052	1713	0
1052	1714	0
1052	1715	0
1052	1716	0
1052	1717	0
1052	1718	0
1052	1719	0
1052	1720	0
1052	1721	0
1052	1722	0
1052	1723	0
1052	1724	0
1052	1725	0
1053	1685	0
1053	1686	0
1053	1687	0
1053	1688	0
1053	1689	0
1053	1690	0
1053	1691	0
1053	1692	0
1053	1693	0
1053	1694	0
1053	1696	0
1053	1697	0
1053	1698	0
1053	1699	0
1053	1700	0
1053	1701	0
1053	1702	0
1053	1703	0
1053	1704	0
1053	1705	0
1053	1706	0
1053	1707	0
1053	1708	0
1053	1709	0
1053	1710	0
1053	1711	0
1053	1712	0
1053	1713	0
1053	1714	0
1053	1715	0
1053	1716	0
1053	1717	0
