


4	33	34	1	0
4	34	35	2	1
4	69	70  37	36	
4	70	71	38 	37
4	105	106	73	72
4	106	107	74	73
4	141	142	109	108
4	142	143	110	109

	
R30	0	36	72	108	
I30	1	37	73	109
T30	2	38	74	110

R60	3	39	75	111
I60	4	40	76	112
T60	5	41	77	113


R60	6	42	78	114
I60	7	43	79	115
T60	8	44	80	116
		

R90	9	45	81	117
I90	10	46	82	118
T90	11	47	83	119


R120 12	48	84	120
I120 13	49	85	121
T120 14	50	86	122

R150 15	51	87	123
I150 16 52	88	124
T150 17	53	89	125


R180 18	54	90	126
I180 19	55	91	127
T180 20	56	92	128

R210 21	57	93	129
I210 22	58	94	130
T210 23	59	95	131
	
R240 24	60	96	132
I240 25	61	97	133
T240 26	62	98	134
 
R270 27	63	99	135
I270 28	64	100	136
T270 29	65	101	137

R300 30	66	102	138
I300 31	67	103	139	
T300 32	68	104	140

R330 33	69	105	141
I330 34	70	106	142
T330 35	71	107	143
