0	1110	131
0	1111	131
0	1112	131
0	1113	131
0	1114	131
0	1115	131
0	1103	132
0	1104	132
0	1105	132
0	1106	132
0	1107	132
0	1108	132
0	1109	132
0	1110	132
0	1111	132
0	1112	132
0	1113	132
0	1114	132
0	1115	132
0	1116	132
0	1117	132
0	1118	132
0	1119	132
0	1120	132
0	1121	132
0	1122	132
0	1123	132
0	1124	132
0	1125	132
0	1126	132
0	1127	132
0	1128	132
0	1129	132
0	1130	132
0	1131	132
0	1132	132
0	1133	132
0	1096	133
0	1097	133
0	1098	133
0	1099	133
0	1100	133
0	1101	133
0	1102	133
0	1103	133
0	1104	133
0	1105	133
0	1106	133
0	1107	133
0	1108	133
0	1109	133
0	1110	133
0	1111	133
0	1112	133
0	1113	133
0	1114	133
0	1115	133
0	1116	133
0	1117	133
0	1118	133
0	1119	133
0	1120	133
0	1121	133
0	1122	133
0	1123	133
0	1124	133
0	1125	133
0	1126	133
0	1127	133
0	1128	133
0	1129	133
0	1130	133
0	1131	133
0	1132	133
0	1133	133
0	1134	133
0	1135	133
0	1136	133
0	1090	134
0	1091	134
0	1092	134
0	1093	134
0	1094	134
0	1095	134
0	1096	134
0	1097	134
0	1098	134
0	1099	134
0	1100	134
0	1101	134
0	1102	134
0	1103	134
0	1104	134
0	1105	134
0	1106	134
0	1107	134
0	1108	134
0	1109	134
0	1110	134
0	1111	134
0	1112	134
0	1113	134
0	1114	134
0	1115	134
0	1116	134
0	1117	134
0	1118	134
0	1119	134
0	1120	134
0	1121	134
0	1122	134
0	1123	134
0	1124	134
0	1125	134
0	1126	134
0	1127	134
0	1128	134
0	1129	134
0	1130	134
0	1131	134
0	1132	134
0	1133	134
0	1134	134
0	1135	134
0	1136	134
0	1137	134
0	1138	134
0	1139	134
0	1140	134
0	1141	134
0	1142	134
0	1079	135
0	1080	135
0	1081	135
0	1082	135
0	1083	135
0	1084	135
0	1085	135
0	1086	135
0	1087	135
0	1088	135
0	1089	135
0	1090	135
0	1091	135
0	1092	135
0	1093	135
0	1094	135
0	1095	135
0	1096	135
0	1097	135
0	1098	135
0	1099	135
0	1100	135
0	1101	135
0	1102	135
0	1103	135
0	1104	135
0	1105	135
0	1106	135
0	1107	135
0	1126	135
0	1127	135
0	1128	135
0	1129	135
0	1130	135
0	1131	135
0	1132	135
0	1133	135
0	1134	135
0	1135	135
0	1136	135
0	1137	135
0	1138	135
0	1139	135
0	1140	135
0	1141	135
0	1142	135
0	1143	135
0	1144	135
0	1145	135
0	1146	135
0	1147	135
0	1075	136
0	1076	136
0	1077	136
0	1078	136
0	1079	136
0	1080	136
0	1081	136
0	1082	136
0	1083	136
0	1084	136
0	1085	136
0	1086	136
0	1087	136
0	1088	136
0	1089	136
0	1090	136
0	1091	136
0	1092	136
0	1093	136
0	1094	136
0	1095	136
0	1096	136
0	1097	136
0	1098	136
0	1133	136
0	1134	136
0	1135	136
0	1136	136
0	1137	136
0	1138	136
0	1139	136
0	1140	136
0	1141	136
0	1142	136
0	1143	136
0	1144	136
0	1145	136
0	1146	136
0	1147	136
0	1148	136
0	1149	136
0	1150	136
0	1151	136
0	1070	137
0	1071	137
0	1072	137
0	1073	137
0	1074	137
0	1075	137
0	1076	137
0	1077	137
0	1078	137
0	1079	137
0	1080	137
0	1081	137
0	1082	137
0	1083	137
0	1084	137
0	1085	137
0	1086	137
0	1087	137
0	1136	137
0	1137	137
0	1139	137
0	1140	137
0	1141	137
0	1142	137
0	1143	137
0	1144	137
0	1145	137
0	1146	137
0	1147	137
0	1148	137
0	1149	137
0	1150	137
0	1151	137
0	1152	137
0	1153	137
0	1154	137
0	1155	137
0	1156	137
0	1067	138
0	1068	138
0	1069	138
0	1070	138
0	1071	138
0	1072	138
0	1073	138
0	1074	138
0	1075	138
0	1076	138
0	1077	138
0	1078	138
0	1079	138
0	1080	138
0	1081	138
0	1082	138
0	1083	138
0	1146	138
0	1147	138
0	1148	138
0	1149	138
0	1150	138
0	1151	138
0	1152	138
0	1153	138
0	1154	138
0	1155	138
0	1156	138
0	1157	138
0	1158	138
0	1159	138
0	1063	139
0	1064	139
0	1065	139
0	1066	139
0	1067	139
0	1068	139
0	1069	139
0	1070	139
0	1071	139
0	1072	139
0	1073	139
0	1074	139
0	1075	139
0	1076	139
0	1077	139
0	1151	139
0	1152	139
0	1153	139
0	1154	139
0	1155	139
0	1156	139
0	1157	139
0	1158	139
0	1159	139
0	1160	139
0	1161	139
0	1162	139
0	1060	140
0	1061	140
0	1062	140
0	1063	140
0	1064	140
0	1065	140
0	1066	140
0	1067	140
0	1068	140
0	1069	140
0	1070	140
0	1071	140
0	1072	140
0	1073	140
0	1155	140
0	1156	140
0	1157	140
0	1158	140
0	1159	140
0	1160	140
0	1161	140
0	1162	140
0	1163	140
0	1164	140
0	1165	140
0	1166	140
0	1057	141
0	1058	141
0	1059	141
0	1060	141
0	1061	141
0	1062	141
0	1063	141
0	1064	141
0	1065	141
0	1066	141
0	1067	141
0	1068	141
0	1069	141
0	1070	141
0	1157	141
0	1158	141
0	1159	141
0	1160	141
0	1161	141
0	1162	141
0	1163	141
0	1164	141
0	1165	141
0	1166	141
0	1167	141
0	1168	141
0	1169	141
0	1170	141
0	1055	142
0	1056	142
0	1057	142
0	1058	142
0	1059	142
0	1060	142
0	1061	142
0	1062	142
0	1063	142
0	1064	142
0	1065	142
0	1066	142
0	1067	142
0	1068	142
0	1160	142
0	1161	142
0	1162	142
0	1163	142
0	1164	142
0	1165	142
0	1166	142
0	1167	142
0	1168	142
0	1169	142
0	1170	142
0	1171	142
0	1172	142
0	1173	142
0	1052	143
0	1053	143
0	1054	143
0	1055	143
0	1056	143
0	1057	143
0	1058	143
0	1059	143
0	1060	143
0	1061	143
0	1062	143
0	1063	143
0	1162	143
0	1163	143
0	1164	143
0	1165	143
0	1166	143
0	1167	143
0	1168	143
0	1169	143
0	1170	143
0	1171	143
0	1172	143
0	1173	143
0	1174	143
0	1175	143
0	1176	143
0	1177	143
0	1050	144
0	1051	144
0	1052	144
0	1053	144
0	1054	144
0	1055	144
0	1056	144
0	1057	144
0	1058	144
0	1059	144
0	1060	144
0	1166	144
0	1167	144
0	1168	144
0	1169	144
0	1170	144
0	1171	144
0	1172	144
0	1173	144
0	1174	144
0	1175	144
0	1176	144
0	1177	144
0	1178	144
0	1179	144
0	1047	145
0	1048	145
0	1049	145
0	1050	145
0	1051	145
0	1052	145
0	1053	145
0	1054	145
0	1055	145
0	1056	145
0	1057	145
0	1169	145
0	1170	145
0	1171	145
0	1172	145
0	1173	145
0	1174	145
0	1175	145
0	1176	145
0	1177	145
0	1178	145
0	1179	145
0	1180	145
0	1045	146
0	1046	146
0	1047	146
0	1048	146
0	1049	146
0	1050	146
0	1051	146
0	1052	146
0	1053	146
0	1054	146
0	1055	146
0	1171	146
0	1172	146
0	1173	146
0	1174	146
0	1175	146
0	1176	146
0	1177	146
0	1178	146
0	1179	146
0	1180	146
0	1181	146
0	1182	146
0	1043	147
0	1044	147
0	1045	147
0	1046	147
0	1047	147
0	1048	147
0	1049	147
0	1050	147
0	1051	147
0	1052	147
0	1053	147
0	1173	147
0	1174	147
0	1175	147
0	1176	147
0	1177	147
0	1178	147
0	1179	147
0	1180	147
0	1181	147
0	1182	147
0	1183	147
0	1041	148
0	1042	148
0	1043	148
0	1044	148
0	1045	148
0	1046	148
0	1047	148
0	1048	148
0	1049	148
0	1050	148
0	1176	148
0	1177	148
0	1178	148
0	1179	148
0	1180	148
0	1181	148
0	1182	148
0	1183	148
0	1184	148
0	1185	148
0	1186	148
0	1039	149
0	1040	149
0	1041	149
0	1042	149
0	1043	149
0	1044	149
0	1045	149
0	1046	149
0	1047	149
0	1048	149
0	1049	149
0	1178	149
0	1179	149
0	1180	149
0	1181	149
0	1182	149
0	1183	149
0	1184	149
0	1185	149
0	1186	149
0	1187	149
0	1037	150
0	1038	150
0	1039	150
0	1040	150
0	1041	150
0	1042	150
0	1043	150
0	1044	150
0	1045	150
0	1046	150
0	1047	150
0	1180	150
0	1181	150
0	1182	150
0	1183	150
0	1184	150
0	1185	150
0	1186	150
0	1187	150
0	1188	150
0	1189	150
0	1036	151
0	1037	151
0	1038	151
0	1039	151
0	1040	151
0	1041	151
0	1042	151
0	1043	151
0	1182	151
0	1183	151
0	1184	151
0	1185	151
0	1186	151
0	1187	151
0	1188	151
0	1189	151
0	1190	151
0	1034	152
0	1035	152
0	1036	152
0	1037	152
0	1038	152
0	1039	152
0	1040	152
0	1041	152
0	1183	152
0	1184	152
0	1185	152
0	1186	152
0	1187	152
0	1188	152
0	1189	152
0	1190	152
0	1191	152
0	1032	153
0	1033	153
0	1034	153
0	1035	153
0	1036	153
0	1037	153
0	1038	153
0	1039	153
0	1185	153
0	1186	153
0	1187	153
0	1188	153
0	1189	153
0	1190	153
0	1191	153
0	1192	153
0	1030	154
0	1031	154
0	1032	154
0	1033	154
0	1034	154
0	1035	154
0	1036	154
0	1037	154
0	1038	154
0	1187	154
0	1188	154
0	1189	154
0	1190	154
0	1191	154
0	1192	154
0	1193	154
0	1194	154
0	1029	155
0	1030	155
0	1031	155
0	1032	155
0	1033	155
0	1034	155
0	1035	155
0	1036	155
0	1189	155
0	1190	155
0	1191	155
0	1192	155
0	1193	155
0	1194	155
0	1195	155
0	1027	156
0	1028	156
0	1029	156
0	1030	156
0	1031	156
0	1032	156
0	1033	156
0	1034	156
0	1192	156
0	1193	156
0	1194	156
0	1195	156
0	1196	156
0	1026	157
0	1027	157
0	1028	157
0	1029	157
0	1030	157
0	1031	157
0	1032	157
0	1193	157
0	1194	157
0	1195	157
0	1196	157
0	1197	157
0	1023	158
0	1024	158
0	1025	158
0	1026	158
0	1027	158
0	1028	158
0	1029	158
0	1030	158
0	1031	158
0	1194	158
0	1195	158
0	1196	158
0	1197	158
0	1198	158
0	1199	158
0	1022	159
0	1023	159
0	1024	159
0	1025	159
0	1026	159
0	1027	159
0	1028	159
0	1029	159
0	1195	159
0	1196	159
0	1197	159
0	1198	159
0	1199	159
0	1200	159
0	1021	160
0	1022	160
0	1023	160
0	1024	160
0	1025	160
0	1026	160
0	1027	160
0	1028	160
0	1197	160
0	1198	160
0	1199	160
0	1200	160
0	1201	160
0	1019	161
0	1020	161
0	1021	161
0	1022	161
0	1023	161
0	1024	161
0	1025	161
0	1026	161
0	1198	161
0	1199	161
0	1200	161
0	1201	161
0	1202	161
0	1203	161
0	1018	162
0	1019	162
0	1020	162
0	1021	162
0	1022	162
0	1023	162
0	1024	162
0	1199	162
0	1200	162
0	1201	162
0	1202	162
0	1203	162
0	1204	162
0	1016	163
0	1017	163
0	1018	163
0	1019	163
0	1020	163
0	1021	163
0	1022	163
0	1200	163
0	1201	163
0	1202	163
0	1203	163
0	1204	163
0	1014	164
0	1015	164
0	1016	164
0	1017	164
0	1018	164
0	1019	164
0	1020	164
0	1021	164
0	1201	164
0	1202	164
0	1203	164
0	1204	164
0	1205	164
0	1206	164
0	1013	165
0	1014	165
0	1015	165
0	1016	165
0	1017	165
0	1018	165
0	1019	165
0	1202	165
0	1203	165
0	1204	165
0	1205	165
0	1206	165
0	1012	166
0	1013	166
0	1014	166
0	1015	166
0	1016	166
0	1017	166
0	1018	166
0	1202	166
0	1203	166
0	1204	166
0	1205	166
0	1206	166
0	1207	166
0	1011	167
0	1012	167
0	1013	167
0	1014	167
0	1015	167
0	1016	167
0	1017	167
0	1203	167
0	1204	167
0	1205	167
0	1206	167
0	1207	167
0	1208	167
0	696	168
0	697	168
0	700	168
0	703	168
0	704	168
0	705	168
0	714	168
0	715	168
0	716	168
0	717	168
0	1008	168
0	1009	168
0	1010	168
0	1011	168
0	1012	168
0	1013	168
0	1014	168
0	1015	168
0	1204	168
0	1205	168
0	1206	168
0	1207	168
0	1208	168
0	1209	168
0	684	169
0	685	169
0	686	169
0	687	169
0	688	169
0	689	169
0	690	169
0	691	169
0	692	169
0	693	169
0	694	169
0	695	169
0	696	169
0	697	169
0	698	169
0	699	169
0	700	169
0	701	169
0	702	169
0	703	169
0	704	169
0	705	169
0	706	169
0	707	169
0	708	169
0	709	169
0	710	169
0	711	169
0	712	169
0	713	169
0	714	169
0	715	169
0	716	169
0	717	169
0	718	169
0	719	169
0	720	169
0	721	169
0	722	169
0	723	169
0	724	169
0	725	169
0	726	169
0	1007	169
0	1008	169
0	1009	169
0	1010	169
0	1011	169
0	1012	169
0	1013	169
0	1205	169
0	1206	169
0	1207	169
0	1208	169
0	1209	169
0	675	170
0	676	170
0	677	170
0	678	170
0	679	170
0	680	170
0	681	170
0	682	170
0	683	170
0	684	170
0	685	170
0	686	170
0	687	170
0	688	170
0	689	170
0	690	170
0	691	170
0	692	170
0	693	170
0	694	170
0	695	170
0	696	170
0	697	170
0	698	170
0	699	170
0	700	170
0	701	170
0	702	170
0	703	170
0	704	170
0	705	170
0	706	170
0	707	170
0	708	170
0	709	170
0	710	170
0	711	170
0	712	170
0	713	170
0	714	170
0	715	170
0	716	170
0	717	170
0	718	170
0	719	170
0	720	170
0	721	170
0	722	170
0	723	170
0	724	170
0	725	170
0	726	170
0	727	170
0	728	170
0	729	170
0	730	170
0	731	170
0	732	170
0	733	170
0	1006	170
0	1007	170
0	1008	170
0	1009	170
0	1010	170
0	1011	170
0	1012	170
0	1206	170
0	1207	170
0	1208	170
0	1209	170
0	1210	170
0	668	171
0	669	171
0	670	171
0	671	171
0	672	171
0	673	171
0	674	171
0	675	171
0	676	171
0	677	171
0	678	171
0	679	171
0	680	171
0	681	171
0	682	171
0	683	171
0	684	171
0	685	171
0	686	171
0	687	171
0	688	171
0	689	171
0	690	171
0	691	171
0	692	171
0	693	171
0	694	171
0	695	171
0	696	171
0	697	171
0	698	171
0	699	171
0	700	171
0	701	171
0	702	171
0	703	171
0	712	171
0	713	171
0	714	171
0	715	171
0	718	171
0	719	171
0	720	171
0	721	171
0	722	171
0	723	171
0	724	171
0	725	171
0	726	171
0	727	171
0	728	171
0	729	171
0	730	171
0	731	171
0	732	171
0	733	171
0	734	171
0	735	171
0	736	171
0	737	171
0	738	171
0	739	171
0	740	171
0	741	171
0	1005	171
0	1006	171
0	1007	171
0	1008	171
0	1009	171
0	1010	171
0	1207	171
0	1208	171
0	1209	171
0	1210	171
0	1211	171
0	663	172
0	664	172
0	665	172
0	666	172
0	667	172
0	668	172
0	669	172
0	670	172
0	671	172
0	672	172
0	673	172
0	674	172
0	675	172
0	676	172
0	677	172
0	678	172
0	679	172
0	680	172
0	681	172
0	723	172
0	724	172
0	725	172
0	726	172
0	727	172
0	728	172
0	729	172
0	730	172
0	731	172
0	732	172
0	733	172
0	734	172
0	735	172
0	736	172
0	737	172
0	738	172
0	739	172
0	740	172
0	741	172
0	742	172
0	743	172
0	744	172
0	745	172
0	1004	172
0	1005	172
0	1006	172
0	1007	172
0	1008	172
0	1207	172
0	1208	172
0	1209	172
0	1210	172
0	1211	172
0	1212	172
0	654	173
0	655	173
0	656	173
0	657	173
0	658	173
0	659	173
0	660	173
0	661	173
0	662	173
0	663	173
0	664	173
0	665	173
0	666	173
0	667	173
0	668	173
0	669	173
0	670	173
0	671	173
0	672	173
0	673	173
0	674	173
0	675	173
0	735	173
0	736	173
0	737	173
0	738	173
0	739	173
0	740	173
0	741	173
0	742	173
0	743	173
0	744	173
0	745	173
0	746	173
0	747	173
0	748	173
0	749	173
0	750	173
0	1003	173
0	1004	173
0	1005	173
0	1006	173
0	1007	173
0	1208	173
0	1209	173
0	1210	173
0	1211	173
0	1212	173
0	648	174
0	649	174
0	650	174
0	651	174
0	652	174
0	653	174
0	654	174
0	655	174
0	656	174
0	657	174
0	658	174
0	659	174
0	660	174
0	661	174
0	662	174
0	663	174
0	664	174
0	665	174
0	740	174
0	741	174
0	742	174
0	743	174
0	744	174
0	745	174
0	746	174
0	747	174
0	748	174
0	749	174
0	750	174
0	751	174
0	752	174
0	753	174
0	754	174
0	755	174
0	1001	174
0	1002	174
0	1003	174
0	1004	174
0	1005	174
0	1006	174
0	1208	174
0	1209	174
0	1210	174
0	1211	174
0	1212	174
0	1213	174
0	645	175
0	646	175
0	647	175
0	648	175
0	649	175
0	650	175
0	651	175
0	652	175
0	653	175
0	654	175
0	655	175
0	656	175
0	657	175
0	658	175
0	745	175
0	746	175
0	747	175
0	748	175
0	749	175
0	750	175
0	751	175
0	752	175
0	753	175
0	754	175
0	755	175
0	756	175
0	757	175
0	758	175
0	759	175
0	999	175
0	1000	175
0	1001	175
0	1002	175
0	1003	175
0	1004	175
0	1208	175
0	1209	175
0	1210	175
0	1211	175
0	1212	175
0	1213	175
0	638	176
0	639	176
0	640	176
0	641	176
0	642	176
0	643	176
0	644	176
0	645	176
0	646	176
0	647	176
0	648	176
0	649	176
0	650	176
0	651	176
0	652	176
0	653	176
0	654	176
0	750	176
0	751	176
0	752	176
0	753	176
0	754	176
0	755	176
0	756	176
0	757	176
0	758	176
0	759	176
0	760	176
0	761	176
0	762	176
0	763	176
0	764	176
0	997	176
0	998	176
0	999	176
0	1000	176
0	1001	176
0	1002	176
0	1003	176
0	1209	176
0	1210	176
0	1211	176
0	1212	176
0	1213	176
0	1214	176
0	633	177
0	634	177
0	635	177
0	636	177
0	637	177
0	638	177
0	639	177
0	640	177
0	641	177
0	642	177
0	643	177
0	644	177
0	645	177
0	646	177
0	647	177
0	648	177
0	754	177
0	755	177
0	756	177
0	757	177
0	758	177
0	759	177
0	760	177
0	761	177
0	762	177
0	763	177
0	764	177
0	765	177
0	766	177
0	767	177
0	768	177
0	769	177
0	996	177
0	997	177
0	998	177
0	999	177
0	1000	177
0	1001	177
0	1002	177
0	1209	177
0	1210	177
0	1211	177
0	1212	177
0	1213	177
0	1214	177
0	631	178
0	632	178
0	633	178
0	634	178
0	635	178
0	636	178
0	637	178
0	638	178
0	639	178
0	640	178
0	641	178
0	642	178
0	758	178
0	759	178
0	760	178
0	761	178
0	762	178
0	763	178
0	764	178
0	765	178
0	766	178
0	767	178
0	768	178
0	769	178
0	770	178
0	771	178
0	772	178
0	773	178
0	774	178
0	995	178
0	996	178
0	997	178
0	998	178
0	999	178
0	1000	178
0	1210	178
0	1211	178
0	1212	178
0	1213	178
0	1214	178
0	628	179
0	629	179
0	630	179
0	631	179
0	632	179
0	633	179
0	634	179
0	635	179
0	636	179
0	637	179
0	638	179
0	764	179
0	765	179
0	766	179
0	767	179
0	768	179
0	769	179
0	770	179
0	771	179
0	772	179
0	773	179
0	774	179
0	775	179
0	776	179
0	777	179
0	993	179
0	994	179
0	995	179
0	996	179
0	997	179
0	998	179
0	1211	179
0	1212	179
0	1213	179
0	1214	179
0	1215	179
0	621	180
0	622	180
0	623	180
0	624	180
0	625	180
0	626	180
0	627	180
0	628	180
0	629	180
0	630	180
0	631	180
0	632	180
0	633	180
0	768	180
0	769	180
0	770	180
0	771	180
0	772	180
0	773	180
0	774	180
0	775	180
0	776	180
0	777	180
0	778	180
0	779	180
0	780	180
0	781	180
0	782	180
0	783	180
0	784	180
0	992	180
0	993	180
0	994	180
0	995	180
0	996	180
0	997	180
0	998	180
0	1211	180
0	1212	180
0	1213	180
0	1214	180
0	1215	180
0	1216	180
0	618	181
0	619	181
0	620	181
0	621	181
0	622	181
0	623	181
0	624	181
0	625	181
0	626	181
0	627	181
0	628	181
0	629	181
0	771	181
0	772	181
0	773	181
0	774	181
0	775	181
0	776	181
0	777	181
0	778	181
0	779	181
0	780	181
0	781	181
0	782	181
0	783	181
0	784	181
0	785	181
0	786	181
0	787	181
0	788	181
0	789	181
0	790	181
0	791	181
0	991	181
0	992	181
0	993	181
0	994	181
0	995	181
0	996	181
0	1212	181
0	1213	181
0	1214	181
0	1215	181
0	1216	181
0	615	182
0	616	182
0	617	182
0	618	182
0	619	182
0	620	182
0	621	182
0	622	182
0	623	182
0	624	182
0	625	182
0	779	182
0	780	182
0	781	182
0	782	182
0	783	182
0	784	182
0	785	182
0	786	182
0	787	182
0	788	182
0	789	182
0	790	182
0	791	182
0	792	182
0	793	182
0	794	182
0	990	182
0	991	182
0	992	182
0	993	182
0	994	182
0	995	182
0	1212	182
0	1213	182
0	1214	182
0	1215	182
0	1216	182
0	611	183
0	612	183
0	613	183
0	614	183
0	615	183
0	616	183
0	617	183
0	618	183
0	619	183
0	620	183
0	621	183
0	785	183
0	786	183
0	787	183
0	788	183
0	789	183
0	790	183
0	791	183
0	792	183
0	793	183
0	794	183
0	795	183
0	796	183
0	797	183
0	798	183
0	799	183
0	988	183
0	989	183
0	990	183
0	991	183
0	992	183
0	993	183
0	1213	183
0	1214	183
0	1215	183
0	1216	183
0	1217	183
0	608	184
0	609	184
0	610	184
0	611	184
0	612	184
0	613	184
0	614	184
0	615	184
0	616	184
0	617	184
0	789	184
0	790	184
0	791	184
0	792	184
0	793	184
0	794	184
0	795	184
0	796	184
0	797	184
0	798	184
0	799	184
0	800	184
0	801	184
0	802	184
0	803	184
0	987	184
0	988	184
0	989	184
0	990	184
0	991	184
0	992	184
0	1214	184
0	1215	184
0	1216	184
0	1217	184
0	604	185
0	605	185
0	607	185
0	608	185
0	609	185
0	610	185
0	611	185
0	612	185
0	613	185
0	614	185
0	791	185
0	792	185
0	793	185
0	794	185
0	795	185
0	796	185
0	797	185
0	798	185
0	799	185
0	800	185
0	801	185
0	802	185
0	803	185
0	804	185
0	805	185
0	806	185
0	807	185
0	808	185
0	986	185
0	987	185
0	988	185
0	989	185
0	990	185
0	991	185
0	1214	185
0	1215	185
0	1216	185
0	1217	185
0	1218	185
0	601	186
0	602	186
0	603	186
0	604	186
0	605	186
0	606	186
0	607	186
0	608	186
0	609	186
0	800	186
0	801	186
0	802	186
0	803	186
0	804	186
0	805	186
0	806	186
0	807	186
0	808	186
0	809	186
0	810	186
0	811	186
0	985	186
0	986	186
0	987	186
0	988	186
0	989	186
0	1215	186
0	1216	186
0	1217	186
0	1218	186
0	596	187
0	597	187
0	598	187
0	599	187
0	600	187
0	601	187
0	602	187
0	603	187
0	604	187
0	605	187
0	606	187
0	803	187
0	804	187
0	805	187
0	806	187
0	807	187
0	808	187
0	809	187
0	810	187
0	811	187
0	812	187
0	813	187
0	814	187
0	815	187
0	816	187
0	817	187
0	984	187
0	985	187
0	986	187
0	987	187
0	988	187
0	1215	187
0	1216	187
0	1217	187
0	1218	187
0	1219	187
0	593	188
0	594	188
0	595	188
0	596	188
0	597	188
0	598	188
0	599	188
0	600	188
0	601	188
0	602	188
0	807	188
0	808	188
0	809	188
0	810	188
0	811	188
0	812	188
0	813	188
0	814	188
0	815	188
0	816	188
0	817	188
0	818	188
0	819	188
0	820	188
0	821	188
0	822	188
0	823	188
0	982	188
0	983	188
0	984	188
0	985	188
0	986	188
0	987	188
0	1216	188
0	1217	188
0	1218	188
0	1219	188
0	1220	188
0	1221	188
0	1222	188
0	590	189
0	591	189
0	592	189
0	593	189
0	594	189
0	595	189
0	596	189
0	597	189
0	598	189
0	599	189
0	811	189
0	812	189
0	813	189
0	814	189
0	815	189
0	816	189
0	817	189
0	818	189
0	819	189
0	820	189
0	821	189
0	822	189
0	823	189
0	824	189
0	825	189
0	826	189
0	827	189
0	828	189
0	981	189
0	982	189
0	983	189
0	984	189
0	985	189
0	986	189
0	1216	189
0	1217	189
0	1218	189
0	1219	189
0	1220	189
0	1221	189
0	1222	189
0	587	190
0	588	190
0	589	190
0	590	190
0	591	190
0	592	190
0	593	190
0	594	190
0	816	190
0	817	190
0	818	190
0	819	190
0	820	190
0	821	190
0	822	190
0	823	190
0	824	190
0	825	190
0	826	190
0	827	190
0	828	190
0	829	190
0	830	190
0	831	190
0	832	190
0	981	190
0	982	190
0	983	190
0	984	190
0	985	190
0	1216	190
0	1217	190
0	1218	190
0	585	191
0	586	191
0	587	191
0	588	191
0	589	191
0	590	191
0	591	191
0	823	191
0	824	191
0	825	191
0	826	191
0	827	191
0	828	191
0	829	191
0	830	191
0	831	191
0	832	191
0	833	191
0	834	191
0	835	191
0	836	191
0	837	191
0	980	191
0	981	191
0	982	191
0	983	191
0	581	192
0	582	192
0	583	192
0	584	192
0	585	192
0	586	192
0	587	192
0	828	192
0	829	192
0	830	192
0	831	192
0	832	192
0	833	192
0	834	192
0	835	192
0	836	192
0	837	192
0	838	192
0	839	192
0	840	192
0	841	192
0	842	192
0	979	192
0	980	192
0	981	192
0	579	193
0	580	193
0	581	193
0	582	193
0	583	193
0	584	193
0	585	193
0	829	193
0	830	193
0	831	193
0	832	193
0	833	193
0	834	193
0	835	193
0	836	193
0	837	193
0	838	193
0	839	193
0	840	193
0	841	193
0	842	193
0	843	193
0	844	193
0	976	193
0	977	193
0	978	193
0	979	193
0	980	193
0	573	194
0	574	194
0	575	194
0	576	194
0	577	194
0	578	194
0	579	194
0	580	194
0	581	194
0	582	194
0	837	194
0	838	194
0	839	194
0	840	194
0	841	194
0	842	194
0	843	194
0	844	194
0	845	194
0	846	194
0	847	194
0	848	194
0	974	194
0	975	194
0	976	194
0	977	194
0	978	194
0	979	194
0	570	195
0	571	195
0	572	195
0	573	195
0	574	195
0	575	195
0	576	195
0	577	195
0	578	195
0	841	195
0	842	195
0	843	195
0	844	195
0	845	195
0	846	195
0	847	195
0	848	195
0	849	195
0	850	195
0	851	195
0	852	195
0	853	195
0	973	195
0	974	195
0	975	195
0	976	195
0	977	195
0	978	195
0	569	196
0	570	196
0	571	196
0	572	196
0	573	196
0	574	196
0	575	196
0	576	196
0	844	196
0	845	196
0	846	196
0	847	196
0	848	196
0	849	196
0	850	196
0	851	196
0	852	196
0	853	196
0	854	196
0	855	196
0	856	196
0	857	196
0	858	196
0	859	196
0	971	196
0	972	196
0	973	196
0	974	196
0	975	196
0	976	196
0	567	197
0	568	197
0	569	197
0	570	197
0	571	197
0	572	197
0	573	197
0	849	197
0	850	197
0	851	197
0	852	197
0	853	197
0	854	197
0	855	197
0	856	197
0	857	197
0	858	197
0	859	197
0	860	197
0	861	197
0	969	197
0	970	197
0	971	197
0	972	197
0	973	197
0	974	197
0	975	197
0	564	198
0	565	198
0	566	198
0	567	198
0	568	198
0	569	198
0	570	198
0	851	198
0	852	198
0	853	198
0	854	198
0	855	198
0	856	198
0	857	198
0	858	198
0	859	198
0	860	198
0	861	198
0	862	198
0	863	198
0	864	198
0	865	198
0	967	198
0	968	198
0	969	198
0	970	198
0	971	198
0	972	198
0	973	198
0	974	198
0	561	199
0	562	199
0	563	199
0	564	199
0	565	199
0	566	199
0	567	199
0	568	199
0	855	199
0	856	199
0	857	199
0	858	199
0	859	199
0	860	199
0	861	199
0	862	199
0	863	199
0	864	199
0	865	199
0	866	199
0	867	199
0	868	199
0	869	199
0	870	199
0	965	199
0	966	199
0	967	199
0	968	199
0	969	199
0	970	199
0	971	199
0	972	199
0	973	199
0	559	200
0	560	200
0	561	200
0	562	200
0	563	200
0	564	200
0	565	200
0	566	200
0	859	200
0	860	200
0	861	200
0	862	200
0	863	200
0	864	200
0	865	200
0	866	200
0	867	200
0	868	200
0	869	200
0	870	200
0	871	200
0	872	200
0	873	200
0	963	200
0	964	200
0	965	200
0	966	200
0	967	200
0	968	200
0	969	200
0	970	200
0	971	200
0	555	201
0	556	201
0	557	201
0	558	201
0	559	201
0	560	201
0	561	201
0	562	201
0	563	201
0	863	201
0	864	201
0	865	201
0	866	201
0	867	201
0	868	201
0	869	201
0	870	201
0	871	201
0	872	201
0	873	201
0	874	201
0	875	201
0	876	201
0	877	201
0	961	201
0	962	201
0	963	201
0	964	201
0	965	201
0	966	201
0	967	201
0	968	201
0	969	201
0	553	202
0	554	202
0	555	202
0	556	202
0	557	202
0	558	202
0	559	202
0	560	202
0	866	202
0	867	202
0	868	202
0	869	202
0	870	202
0	871	202
0	872	202
0	873	202
0	874	202
0	875	202
0	876	202
0	877	202
0	878	202
0	879	202
0	880	202
0	881	202
0	958	202
0	959	202
0	960	202
0	961	202
0	962	202
0	963	202
0	964	202
0	965	202
0	966	202
0	967	202
0	968	202
0	551	203
0	552	203
0	553	203
0	554	203
0	555	203
0	556	203
0	557	203
0	558	203
0	870	203
0	871	203
0	872	203
0	873	203
0	874	203
0	875	203
0	876	203
0	877	203
0	878	203
0	879	203
0	880	203
0	881	203
0	882	203
0	883	203
0	884	203
0	885	203
0	886	203
0	887	203
0	955	203
0	956	203
0	957	203
0	958	203
0	959	203
0	960	203
0	961	203
0	962	203
0	963	203
0	964	203
0	965	203
0	966	203
0	549	204
0	550	204
0	551	204
0	552	204
0	553	204
0	554	204
0	555	204
0	556	204
0	872	204
0	873	204
0	874	204
0	875	204
0	876	204
0	877	204
0	878	204
0	879	204
0	880	204
0	881	204
0	882	204
0	883	204
0	884	204
0	885	204
0	886	204
0	887	204
0	888	204
0	889	204
0	890	204
0	891	204
0	892	204
0	893	204
0	952	204
0	953	204
0	954	204
0	955	204
0	956	204
0	957	204
0	958	204
0	959	204
0	960	204
0	961	204
0	962	204
0	963	204
0	964	204
0	965	204
0	546	205
0	547	205
0	548	205
0	549	205
0	550	205
0	551	205
0	552	205
0	553	205
0	875	205
0	876	205
0	877	205
0	878	205
0	879	205
0	880	205
0	881	205
0	882	205
0	883	205
0	884	205
0	885	205
0	886	205
0	887	205
0	888	205
0	889	205
0	890	205
0	891	205
0	892	205
0	893	205
0	894	205
0	895	205
0	896	205
0	897	205
0	898	205
0	899	205
0	900	205
0	901	205
0	902	205
0	947	205
0	948	205
0	949	205
0	950	205
0	951	205
0	952	205
0	953	205
0	954	205
0	955	205
0	956	205
0	957	205
0	958	205
0	962	205
0	963	205
0	964	205
0	544	206
0	545	206
0	546	206
0	547	206
0	548	206
0	549	206
0	550	206
0	880	206
0	881	206
0	882	206
0	883	206
0	884	206
0	885	206
0	886	206
0	887	206
0	888	206
0	889	206
0	890	206
0	891	206
0	892	206
0	893	206
0	894	206
0	895	206
0	896	206
0	897	206
0	898	206
0	899	206
0	900	206
0	901	206
0	902	206
0	903	206
0	904	206
0	905	206
0	906	206
0	907	206
0	908	206
0	909	206
0	910	206
0	911	206
0	912	206
0	939	206
0	940	206
0	941	206
0	942	206
0	943	206
0	944	206
0	945	206
0	946	206
0	947	206
0	948	206
0	949	206
0	950	206
0	951	206
0	952	206
0	953	206
0	954	206
0	955	206
0	962	206
0	541	207
0	542	207
0	543	207
0	544	207
0	545	207
0	546	207
0	547	207
0	548	207
0	884	207
0	885	207
0	886	207
0	887	207
0	888	207
0	889	207
0	890	207
0	891	207
0	892	207
0	893	207
0	894	207
0	895	207
0	896	207
0	897	207
0	898	207
0	899	207
0	900	207
0	901	207
0	902	207
0	903	207
0	904	207
0	905	207
0	906	207
0	907	207
0	908	207
0	909	207
0	910	207
0	911	207
0	912	207
0	913	207
0	914	207
0	915	207
0	916	207
0	917	207
0	918	207
0	919	207
0	920	207
0	921	207
0	922	207
0	923	207
0	924	207
0	925	207
0	926	207
0	927	207
0	928	207
0	929	207
0	930	207
0	931	207
0	932	207
0	933	207
0	934	207
0	935	207
0	936	207
0	937	207
0	938	207
0	939	207
0	940	207
0	941	207
0	942	207
0	943	207
0	944	207
0	945	207
0	946	207
0	947	207
0	948	207
0	949	207
0	950	207
0	951	207
0	952	207
0	539	208
0	540	208
0	541	208
0	542	208
0	543	208
0	544	208
0	545	208
0	546	208
0	892	208
0	893	208
0	894	208
0	895	208
0	896	208
0	897	208
0	898	208
0	899	208
0	900	208
0	901	208
0	902	208
0	903	208
0	904	208
0	905	208
0	906	208
0	907	208
0	908	208
0	909	208
0	910	208
0	911	208
0	912	208
0	913	208
0	914	208
0	915	208
0	916	208
0	917	208
0	918	208
0	919	208
0	920	208
0	921	208
0	922	208
0	923	208
0	924	208
0	925	208
0	926	208
0	927	208
0	928	208
0	929	208
0	930	208
0	931	208
0	932	208
0	933	208
0	934	208
0	935	208
0	936	208
0	937	208
0	938	208
0	939	208
0	940	208
0	941	208
0	942	208
0	943	208
0	944	208
0	945	208
0	946	208
0	536	209
0	537	209
0	538	209
0	539	209
0	540	209
0	541	209
0	542	209
0	543	209
0	897	209
0	898	209
0	899	209
0	900	209
0	901	209
0	903	209
0	904	209
0	905	209
0	906	209
0	907	209
0	908	209
0	909	209
0	910	209
0	911	209
0	912	209
0	913	209
0	914	209
0	915	209
0	916	209
0	917	209
0	918	209
0	919	209
0	920	209
0	921	209
0	922	209
0	923	209
0	924	209
0	925	209
0	926	209
0	927	209
0	928	209
0	929	209
0	930	209
0	931	209
0	932	209
0	933	209
0	934	209
0	935	209
0	936	209
0	937	209
0	938	209
0	939	209
0	940	209
0	941	209
0	942	209
0	534	210
0	535	210
0	536	210
0	537	210
0	538	210
0	539	210
0	540	210
0	541	210
0	919	210
0	920	210
0	921	210
0	922	210
0	923	210
0	924	210
0	531	211
0	532	211
0	533	211
0	534	211
0	535	211
0	536	211
0	537	211
0	538	211
0	539	211
0	529	212
0	530	212
0	531	212
0	532	212
0	533	212
0	534	212
0	535	212
0	536	212
0	527	213
0	528	213
0	529	213
0	530	213
0	531	213
0	532	213
0	533	213
0	534	213
0	525	214
0	526	214
0	527	214
0	528	214
0	529	214
0	530	214
0	531	214
0	525	215
0	526	215
0	527	215
0	528	215
0	529	215
0	530	215
0	525	216
0	526	216
0	527	216
0	528	216
0	590	216
0	525	217
0	570	311
0	571	311
0	572	311
0	573	311
0	574	311
0	575	311
0	576	311
0	577	311
0	578	311
0	579	311
0	563	312
0	564	312
0	565	312
0	566	312
0	567	312
0	568	312
0	569	312
0	570	312
0	571	312
0	572	312
0	573	312
0	574	312
0	575	312
0	576	312
0	577	312
0	578	312
0	579	312
0	580	312
0	581	312
0	582	312
0	583	312
0	553	313
0	554	313
0	555	313
0	556	313
0	557	313
0	558	313
0	559	313
0	560	313
0	561	313
0	562	313
0	563	313
0	564	313
0	565	313
0	566	313
0	567	313
0	568	313
0	569	313
0	570	313
0	571	313
0	572	313
0	573	313
0	574	313
0	575	313
0	576	313
0	577	313
0	578	313
0	579	313
0	580	313
0	581	313
0	582	313
0	583	313
0	584	313
0	585	313
0	547	314
0	548	314
0	549	314
0	550	314
0	551	314
0	552	314
0	553	314
0	554	314
0	555	314
0	556	314
0	557	314
0	558	314
0	559	314
0	560	314
0	561	314
0	562	314
0	563	314
0	564	314
0	565	314
0	566	314
0	567	314
0	568	314
0	569	314
0	570	314
0	571	314
0	572	314
0	578	314
0	579	314
0	580	314
0	581	314
0	582	314
0	583	314
0	584	314
0	585	314
0	586	314
0	544	315
0	545	315
0	546	315
0	547	315
0	548	315
0	549	315
0	550	315
0	551	315
0	552	315
0	553	315
0	554	315
0	555	315
0	581	315
0	582	315
0	583	315
0	584	315
0	585	315
0	586	315
0	587	315
0	539	316
0	540	316
0	541	316
0	542	316
0	543	316
0	544	316
0	545	316
0	546	316
0	547	316
0	548	316
0	549	316
0	550	316
0	584	316
0	585	316
0	586	316
0	587	316
0	588	316
0	525	317
0	526	317
0	527	317
0	528	317
0	529	317
0	530	317
0	531	317
0	532	317
0	533	317
0	534	317
0	535	317
0	536	317
0	537	317
0	538	317
0	539	317
0	540	317
0	541	317
0	542	317
0	543	317
0	544	317
0	545	317
0	546	317
0	547	317
0	548	317
0	585	317
0	586	317
0	587	317
0	588	317
0	589	317
0	525	318
0	526	318
0	527	318
0	528	318
0	529	318
0	530	318
0	531	318
0	532	318
0	533	318
0	534	318
0	535	318
0	536	318
0	537	318
0	538	318
0	539	318
0	540	318
0	541	318
0	586	318
0	587	318
0	588	318
0	589	318
0	590	318
0	525	319
0	526	319
0	527	319
0	528	319
0	529	319
0	530	319
0	531	319
0	532	319
0	533	319
0	534	319
0	535	319
0	536	319
0	537	319
0	538	319
0	587	319
0	588	319
0	589	319
0	590	319
0	591	319
0	588	320
0	589	320
0	590	320
0	591	320
0	592	320
0	589	321
0	590	321
0	591	321
0	592	321
0	593	321
0	590	322
0	591	322
0	592	322
0	593	322
0	594	322
0	591	323
0	592	323
0	593	323
0	594	323
0	595	323
0	592	324
0	593	324
0	594	324
0	595	324
0	596	324
0	597	324
0	593	325
0	594	325
0	595	325
0	596	325
0	597	325
0	598	325
0	595	326
0	596	326
0	597	326
0	598	326
0	599	326
0	596	327
0	597	327
0	598	327
0	599	327
0	600	327
0	601	327
0	598	328
0	599	328
0	600	328
0	601	328
0	602	328
0	599	329
0	600	329
0	601	329
0	602	329
0	603	329
0	1091	329
0	601	330
0	602	330
0	603	330
0	604	330
0	605	330
0	602	331
0	603	331
0	604	331
0	605	331
0	606	331
0	603	332
0	604	332
0	605	332
0	606	332
0	607	332
0	605	333
0	606	333
0	607	333
0	608	333
0	609	333
0	610	333
0	606	334
0	607	334
0	608	334
0	609	334
0	610	334
0	611	334
0	608	335
0	609	335
0	610	335
0	611	335
0	612	335
0	613	335
0	611	336
0	612	336
0	613	336
0	614	336
0	615	336
0	612	337
0	613	337
0	614	337
0	615	337
0	616	337
0	617	337
0	615	338
0	616	338
0	617	338
0	618	338
0	619	338
0	616	339
0	617	339
0	618	339
0	619	339
0	620	339
0	621	339
0	617	340
0	618	340
0	619	340
0	620	340
0	621	340
0	622	340
0	623	340
0	619	341
0	620	341
0	621	341
0	622	341
0	623	341
0	624	341
0	625	341
0	621	342
0	622	342
0	623	342
0	624	342
0	625	342
0	626	342
0	627	342
0	628	342
0	623	343
0	624	343
0	625	343
0	626	343
0	627	343
0	628	343
0	629	343
0	630	343
0	625	344
0	626	344
0	627	344
0	628	344
0	629	344
0	630	344
0	631	344
0	632	344
0	628	345
0	629	345
0	630	345
0	631	345
0	632	345
0	633	345
0	632	346
0	633	346
0	634	346
0	635	346
0	636	346
0	634	347
0	635	347
0	636	347
0	637	347
0	638	347
0	639	347
0	640	347
0	636	348
0	637	348
0	638	348
0	639	348
0	640	348
0	641	348
0	639	349
0	640	349
0	641	349
0	642	349
0	643	349
0	644	349
0	645	349
0	641	350
0	642	350
0	643	350
0	644	350
0	645	350
0	646	350
0	647	350
0	648	350
0	643	351
0	644	351
0	645	351
0	646	351
0	647	351
0	648	351
0	649	351
0	650	351
0	651	351
0	646	352
0	647	352
0	648	352
0	649	352
0	650	352
0	651	352
0	652	352
0	653	352
0	654	352
0	655	352
0	650	353
0	651	353
0	652	353
0	653	353
0	654	353
0	655	353
0	656	353
0	657	353
0	658	353
0	653	354
0	654	354
0	655	354
0	656	354
0	657	354
0	658	354
0	659	354
0	660	354
0	661	354
0	662	354
0	658	355
0	659	355
0	660	355
0	661	355
0	662	355
0	663	355
0	664	355
0	665	355
0	666	355
0	667	355
0	668	355
0	660	356
0	661	356
0	662	356
0	663	356
0	664	356
0	665	356
0	666	356
0	667	356
0	668	356
0	669	356
0	670	356
0	671	356
0	672	356
0	675	356
0	676	356
0	677	356
0	678	356
0	679	356
0	680	356
0	663	357
0	664	357
0	665	357
0	666	357
0	667	357
0	668	357
0	669	357
0	670	357
0	671	357
0	672	357
0	673	357
0	674	357
0	675	357
0	676	357
0	677	357
0	678	357
0	679	357
0	680	357
0	681	357
0	673	358
0	674	358
0	675	358
0	676	358
0	677	358
0	678	358
0	679	358
0	680	358
0	681	358
0	682	358
0	679	359
0	680	359
0	681	359
0	682	359
0	683	359
0	684	359
0	681	360
0	682	360
0	683	360
0	684	360
0	685	360
0	683	361
0	684	361
0	685	361
0	686	361
0	687	361
0	684	362
0	685	362
0	686	362
0	687	362
0	688	362
0	686	363
0	687	363
0	688	363
0	689	363
0	690	363
0	691	363
0	688	364
0	689	364
0	690	364
0	691	364
0	692	364
0	690	365
0	691	365
0	692	365
0	693	365
0	694	365
0	692	366
0	693	366
0	694	366
0	695	366
0	696	366
0	694	367
0	695	367
0	696	367
0	697	367
0	698	367
0	696	368
0	697	368
0	698	368
0	699	368
0	700	368
0	701	368
0	696	369
0	697	369
0	698	369
0	699	369
0	700	369
0	701	369
0	702	369
0	703	369
0	698	370
0	699	370
0	700	370
0	701	370
0	702	370
0	703	370
0	704	370
0	705	370
0	706	370
0	701	371
0	702	371
0	703	371
0	704	371
0	705	371
0	706	371
0	707	371
0	708	371
0	704	372
0	705	372
0	706	372
0	707	372
0	708	372
0	709	372
0	710	372
0	711	372
0	712	372
0	713	372
0	769	372
0	770	372
0	771	372
0	772	372
0	773	372
0	774	372
0	775	372
0	776	372
0	777	372
0	778	372
0	779	372
0	780	372
0	781	372
0	782	372
0	707	373
0	708	373
0	709	373
0	710	373
0	711	373
0	712	373
0	713	373
0	714	373
0	715	373
0	716	373
0	765	373
0	766	373
0	767	373
0	768	373
0	769	373
0	770	373
0	771	373
0	772	373
0	773	373
0	774	373
0	775	373
0	776	373
0	777	373
0	778	373
0	779	373
0	780	373
0	781	373
0	782	373
0	783	373
0	784	373
0	785	373
0	786	373
0	787	373
0	788	373
0	789	373
0	790	373
0	711	374
0	712	374
0	713	374
0	714	374
0	715	374
0	716	374
0	717	374
0	718	374
0	719	374
0	720	374
0	763	374
0	764	374
0	765	374
0	766	374
0	767	374
0	768	374
0	769	374
0	770	374
0	771	374
0	774	374
0	779	374
0	780	374
0	781	374
0	782	374
0	783	374
0	784	374
0	785	374
0	786	374
0	787	374
0	788	374
0	789	374
0	790	374
0	791	374
0	792	374
0	793	374
0	794	374
0	795	374
0	796	374
0	717	375
0	718	375
0	719	375
0	720	375
0	721	375
0	722	375
0	723	375
0	760	375
0	761	375
0	762	375
0	763	375
0	764	375
0	765	375
0	766	375
0	767	375
0	783	375
0	784	375
0	785	375
0	786	375
0	787	375
0	788	375
0	789	375
0	790	375
0	791	375
0	792	375
0	793	375
0	794	375
0	795	375
0	796	375
0	797	375
0	798	375
0	799	375
0	800	375
0	801	375
0	725	376
0	726	376
0	727	376
0	728	376
0	729	376
0	730	376
0	731	376
0	732	376
0	733	376
0	734	376
0	735	376
0	736	376
0	744	376
0	753	376
0	754	376
0	755	376
0	756	376
0	757	376
0	758	376
0	759	376
0	760	376
0	761	376
0	762	376
0	763	376
0	764	376
0	790	376
0	791	376
0	792	376
0	793	376
0	794	376
0	795	376
0	796	376
0	797	376
0	798	376
0	799	376
0	800	376
0	801	376
0	802	376
0	803	376
0	804	376
0	805	376
0	730	377
0	731	377
0	732	377
0	733	377
0	734	377
0	735	377
0	736	377
0	737	377
0	738	377
0	739	377
0	740	377
0	741	377
0	742	377
0	743	377
0	744	377
0	745	377
0	746	377
0	747	377
0	748	377
0	749	377
0	750	377
0	751	377
0	752	377
0	753	377
0	754	377
0	755	377
0	756	377
0	757	377
0	758	377
0	759	377
0	794	377
0	795	377
0	796	377
0	797	377
0	798	377
0	799	377
0	800	377
0	801	377
0	802	377
0	803	377
0	804	377
0	805	377
0	806	377
0	807	377
0	808	377
0	809	377
0	1164	377
0	736	378
0	737	378
0	738	378
0	739	378
0	740	378
0	741	378
0	742	378
0	743	378
0	744	378
0	745	378
0	746	378
0	747	378
0	748	378
0	749	378
0	750	378
0	751	378
0	752	378
0	753	378
0	754	378
0	755	378
0	756	378
0	798	378
0	799	378
0	800	378
0	801	378
0	802	378
0	803	378
0	804	378
0	805	378
0	806	378
0	807	378
0	808	378
0	809	378
0	810	378
0	811	378
0	812	378
0	813	378
0	814	378
0	1164	378
0	1165	378
0	1166	378
0	1167	378
0	747	379
0	748	379
0	749	379
0	750	379
0	804	379
0	805	379
0	806	379
0	807	379
0	808	379
0	809	379
0	810	379
0	811	379
0	812	379
0	813	379
0	814	379
0	815	379
0	816	379
0	817	379
0	818	379
0	819	379
0	1164	379
0	1165	379
0	1166	379
0	1167	379
0	1168	379
0	1169	379
0	1170	379
0	1171	379
0	809	380
0	810	380
0	811	380
0	812	380
0	813	380
0	814	380
0	815	380
0	816	380
0	817	380
0	818	380
0	819	380
0	820	380
0	821	380
0	822	380
0	823	380
0	1160	380
0	1161	380
0	1162	380
0	1163	380
0	1164	380
0	1165	380
0	1166	380
0	1167	380
0	1168	380
0	1169	380
0	1170	380
0	1171	380
0	1172	380
0	1173	380
0	1174	380
0	1175	380
0	1176	380
0	1177	380
0	1178	380
0	812	381
0	813	381
0	814	381
0	815	381
0	816	381
0	817	381
0	818	381
0	819	381
0	820	381
0	821	381
0	822	381
0	823	381
0	824	381
0	825	381
0	826	381
0	827	381
0	828	381
0	829	381
0	1160	381
0	1161	381
0	1162	381
0	1163	381
0	1164	381
0	1165	381
0	1166	381
0	1167	381
0	1168	381
0	1169	381
0	1170	381
0	1171	381
0	1172	381
0	1173	381
0	1174	381
0	1175	381
0	1176	381
0	1177	381
0	1178	381
0	1179	381
0	1180	381
0	1181	381
0	1182	381
0	1183	381
0	1184	381
0	1185	381
0	1186	381
0	818	382
0	819	382
0	820	382
0	821	382
0	822	382
0	823	382
0	824	382
0	825	382
0	826	382
0	827	382
0	828	382
0	829	382
0	830	382
0	831	382
0	832	382
0	833	382
0	834	382
0	835	382
0	1159	382
0	1160	382
0	1161	382
0	1162	382
0	1163	382
0	1164	382
0	1168	382
0	1169	382
0	1170	382
0	1171	382
0	1172	382
0	1173	382
0	1174	382
0	1175	382
0	1176	382
0	1177	382
0	1178	382
0	1179	382
0	1180	382
0	1181	382
0	1182	382
0	1183	382
0	1184	382
0	1185	382
0	1186	382
0	1187	382
0	1188	382
0	1189	382
0	1190	382
0	1191	382
0	1192	382
0	1193	382
0	1194	382
0	1195	382
0	821	383
0	822	383
0	823	383
0	824	383
0	825	383
0	826	383
0	827	383
0	828	383
0	829	383
0	830	383
0	831	383
0	832	383
0	833	383
0	834	383
0	835	383
0	836	383
0	837	383
0	838	383
0	839	383
0	840	383
0	1158	383
0	1159	383
0	1160	383
0	1161	383
0	1162	383
0	1163	383
0	1170	383
0	1171	383
0	1172	383
0	1173	383
0	1174	383
0	1175	383
0	1176	383
0	1177	383
0	1178	383
0	1179	383
0	1180	383
0	1181	383
0	1182	383
0	1183	383
0	1184	383
0	1185	383
0	1186	383
0	1187	383
0	1188	383
0	1189	383
0	1190	383
0	1191	383
0	1192	383
0	1193	383
0	1194	383
0	1195	383
0	1196	383
0	1197	383
0	1198	383
0	1199	383
0	1200	383
0	1201	383
0	1202	383
0	1203	383
0	1206	383
0	1207	383
0	1208	383
0	825	384
0	826	384
0	827	384
0	828	384
0	829	384
0	830	384
0	831	384
0	832	384
0	833	384
0	834	384
0	835	384
0	836	384
0	837	384
0	838	384
0	839	384
0	840	384
0	841	384
0	842	384
0	843	384
0	844	384
0	845	384
0	1157	384
0	1158	384
0	1159	384
0	1160	384
0	1161	384
0	1162	384
0	1163	384
0	1174	384
0	1175	384
0	1176	384
0	1177	384
0	1178	384
0	1179	384
0	1180	384
0	1181	384
0	1182	384
0	1183	384
0	1184	384
0	1185	384
0	1186	384
0	1187	384
0	1188	384
0	1189	384
0	1190	384
0	1191	384
0	1192	384
0	1193	384
0	1194	384
0	1195	384
0	1196	384
0	1197	384
0	1198	384
0	1199	384
0	1200	384
0	1201	384
0	1202	384
0	1203	384
0	1204	384
0	1205	384
0	1206	384
0	1207	384
0	1208	384
0	1209	384
0	1210	384
0	1211	384
0	1212	384
0	1213	384
0	1214	384
0	1215	384
0	1216	384
0	1217	384
0	1218	384
0	1219	384
0	1220	384
0	1221	384
0	1222	384
0	829	385
0	830	385
0	831	385
0	832	385
0	833	385
0	834	385
0	835	385
0	836	385
0	837	385
0	838	385
0	839	385
0	840	385
0	841	385
0	842	385
0	843	385
0	844	385
0	845	385
0	846	385
0	847	385
0	848	385
0	849	385
0	850	385
0	851	385
0	1152	385
0	1153	385
0	1154	385
0	1155	385
0	1156	385
0	1157	385
0	1158	385
0	1159	385
0	1160	385
0	1161	385
0	1162	385
0	1181	385
0	1182	385
0	1183	385
0	1184	385
0	1185	385
0	1186	385
0	1187	385
0	1188	385
0	1189	385
0	1190	385
0	1191	385
0	1192	385
0	1193	385
0	1194	385
0	1195	385
0	1196	385
0	1197	385
0	1198	385
0	1199	385
0	1200	385
0	1201	385
0	1202	385
0	1203	385
0	1204	385
0	1205	385
0	1206	385
0	1207	385
0	1208	385
0	1209	385
0	1210	385
0	1211	385
0	1212	385
0	1213	385
0	1214	385
0	1215	385
0	1216	385
0	1217	385
0	1218	385
0	1219	385
0	1220	385
0	1221	385
0	1222	385
0	837	386
0	838	386
0	839	386
0	840	386
0	841	386
0	842	386
0	843	386
0	844	386
0	845	386
0	846	386
0	847	386
0	848	386
0	849	386
0	850	386
0	851	386
0	852	386
0	853	386
0	854	386
0	855	386
0	856	386
0	857	386
0	858	386
0	859	386
0	860	386
0	1150	386
0	1151	386
0	1152	386
0	1153	386
0	1154	386
0	1155	386
0	1156	386
0	1157	386
0	1158	386
0	1159	386
0	1160	386
0	1192	386
0	1199	386
0	1200	386
0	1201	386
0	1202	386
0	1203	386
0	1205	386
0	1206	386
0	1207	386
0	1208	386
0	1209	386
0	1210	386
0	1211	386
0	1212	386
0	1213	386
0	1214	386
0	1215	386
0	1216	386
0	1217	386
0	1218	386
0	1219	386
0	1220	386
0	1221	386
0	1222	386
0	840	387
0	841	387
0	842	387
0	843	387
0	844	387
0	845	387
0	846	387
0	847	387
0	848	387
0	849	387
0	850	387
0	851	387
0	852	387
0	853	387
0	854	387
0	855	387
0	856	387
0	857	387
0	858	387
0	859	387
0	860	387
0	861	387
0	862	387
0	863	387
0	864	387
0	865	387
0	866	387
0	867	387
0	868	387
0	869	387
0	870	387
0	1149	387
0	1150	387
0	1151	387
0	1152	387
0	1153	387
0	1154	387
0	1155	387
0	1156	387
0	1157	387
0	1213	387
0	1214	387
0	1215	387
0	1216	387
0	1217	387
0	844	388
0	845	388
0	846	388
0	847	388
0	848	388
0	849	388
0	850	388
0	851	388
0	852	388
0	853	388
0	854	388
0	855	388
0	856	388
0	857	388
0	858	388
0	859	388
0	860	388
0	861	388
0	862	388
0	863	388
0	864	388
0	865	388
0	866	388
0	867	388
0	868	388
0	869	388
0	870	388
0	871	388
0	872	388
0	873	388
0	874	388
0	875	388
0	876	388
0	877	388
0	878	388
0	879	388
0	880	388
0	1144	388
0	1145	388
0	1146	388
0	1147	388
0	1148	388
0	1149	388
0	1150	388
0	1151	388
0	1152	388
0	1153	388
0	1154	388
0	854	389
0	859	389
0	860	389
0	861	389
0	862	389
0	863	389
0	864	389
0	865	389
0	866	389
0	867	389
0	868	389
0	869	389
0	870	389
0	871	389
0	872	389
0	873	389
0	874	389
0	875	389
0	876	389
0	877	389
0	878	389
0	879	389
0	880	389
0	881	389
0	882	389
0	883	389
0	884	389
0	885	389
0	886	389
0	887	389
0	888	389
0	889	389
0	1143	389
0	1144	389
0	1145	389
0	1146	389
0	1147	389
0	1148	389
0	1149	389
0	1150	389
0	867	390
0	868	390
0	871	390
0	872	390
0	873	390
0	874	390
0	875	390
0	876	390
0	877	390
0	878	390
0	879	390
0	880	390
0	881	390
0	882	390
0	883	390
0	884	390
0	885	390
0	886	390
0	887	390
0	888	390
0	889	390
0	890	390
0	891	390
0	892	390
0	893	390
0	894	390
0	895	390
0	896	390
0	897	390
0	898	390
0	899	390
0	900	390
0	901	390
0	902	390
0	903	390
0	904	390
0	1141	390
0	1142	390
0	1143	390
0	1144	390
0	1145	390
0	1146	390
0	1147	390
0	1148	390
0	1149	390
0	877	391
0	878	391
0	879	391
0	880	391
0	881	391
0	882	391
0	883	391
0	884	391
0	885	391
0	886	391
0	887	391
0	888	391
0	889	391
0	890	391
0	891	391
0	892	391
0	893	391
0	894	391
0	895	391
0	896	391
0	897	391
0	898	391
0	899	391
0	900	391
0	901	391
0	902	391
0	903	391
0	904	391
0	905	391
0	906	391
0	907	391
0	908	391
0	1138	391
0	1139	391
0	1140	391
0	1141	391
0	1142	391
0	1143	391
0	1144	391
0	1145	391
0	1146	391
0	881	392
0	882	392
0	883	392
0	884	392
0	885	392
0	886	392
0	887	392
0	888	392
0	889	392
0	890	392
0	891	392
0	892	392
0	893	392
0	894	392
0	895	392
0	896	392
0	897	392
0	898	392
0	899	392
0	900	392
0	901	392
0	902	392
0	903	392
0	904	392
0	905	392
0	906	392
0	907	392
0	908	392
0	909	392
0	910	392
0	911	392
0	912	392
0	1134	392
0	1135	392
0	1136	392
0	1137	392
0	1138	392
0	1139	392
0	1140	392
0	1141	392
0	1142	392
0	1143	392
0	893	393
0	894	393
0	895	393
0	896	393
0	897	393
0	898	393
0	899	393
0	900	393
0	901	393
0	902	393
0	903	393
0	904	393
0	905	393
0	906	393
0	907	393
0	908	393
0	909	393
0	910	393
0	911	393
0	912	393
0	913	393
0	914	393
0	915	393
0	916	393
0	917	393
0	918	393
0	919	393
0	920	393
0	1128	393
0	1129	393
0	1130	393
0	1131	393
0	1132	393
0	1133	393
0	1134	393
0	1135	393
0	1136	393
0	1137	393
0	1138	393
0	1139	393
0	1140	393
0	1141	393
0	901	394
0	902	394
0	903	394
0	904	394
0	905	394
0	906	394
0	907	394
0	908	394
0	909	394
0	910	394
0	911	394
0	912	394
0	913	394
0	914	394
0	915	394
0	916	394
0	917	394
0	918	394
0	919	394
0	920	394
0	921	394
0	1121	394
0	1122	394
0	1123	394
0	1124	394
0	1125	394
0	1126	394
0	1127	394
0	1128	394
0	1129	394
0	1130	394
0	1131	394
0	1132	394
0	1133	394
0	1134	394
0	1135	394
0	1136	394
0	1137	394
0	911	395
0	912	395
0	913	395
0	914	395
0	915	395
0	916	395
0	917	395
0	918	395
0	919	395
0	920	395
0	921	395
0	922	395
0	923	395
0	924	395
0	1114	395
0	1115	395
0	1116	395
0	1117	395
0	1118	395
0	1119	395
0	1120	395
0	1121	395
0	1122	395
0	1123	395
0	1124	395
0	1125	395
0	1126	395
0	1127	395
0	1128	395
0	1129	395
0	1130	395
0	1131	395
0	1132	395
0	1133	395
0	1134	395
0	914	396
0	915	396
0	916	396
0	917	396
0	918	396
0	919	396
0	920	396
0	921	396
0	922	396
0	923	396
0	924	396
0	925	396
0	926	396
0	1111	396
0	1112	396
0	1113	396
0	1114	396
0	1115	396
0	1116	396
0	1117	396
0	1118	396
0	1119	396
0	1120	396
0	1121	396
0	1122	396
0	1123	396
0	1124	396
0	1125	396
0	1126	396
0	1127	396
0	1128	396
0	1129	396
0	1130	396
0	1131	396
0	1132	396
0	917	397
0	918	397
0	919	397
0	920	397
0	921	397
0	922	397
0	923	397
0	924	397
0	925	397
0	926	397
0	927	397
0	928	397
0	1108	397
0	1109	397
0	1110	397
0	1111	397
0	1112	397
0	1113	397
0	1114	397
0	1115	397
0	1116	397
0	1117	397
0	1118	397
0	1119	397
0	1120	397
0	1121	397
0	920	398
0	921	398
0	922	398
0	923	398
0	924	398
0	925	398
0	926	398
0	927	398
0	928	398
0	929	398
0	930	398
0	1106	398
0	1107	398
0	1108	398
0	1109	398
0	1110	398
0	1111	398
0	1112	398
0	1113	398
0	1114	398
0	1115	398
0	1116	398
0	1117	398
0	922	399
0	923	399
0	924	399
0	925	399
0	926	399
0	927	399
0	928	399
0	929	399
0	930	399
0	931	399
0	932	399
0	933	399
0	1104	399
0	1105	399
0	1106	399
0	1107	399
0	1108	399
0	1109	399
0	1110	399
0	1111	399
0	926	400
0	927	400
0	928	400
0	929	400
0	930	400
0	931	400
0	932	400
0	933	400
0	934	400
0	935	400
0	936	400
0	1103	400
0	1104	400
0	1105	400
0	1106	400
0	1107	400
0	1108	400
0	1109	400
0	930	401
0	931	401
0	932	401
0	933	401
0	934	401
0	935	401
0	936	401
0	937	401
0	938	401
0	1101	401
0	1102	401
0	1103	401
0	1104	401
0	1105	401
0	1106	401
0	1107	401
0	931	402
0	932	402
0	933	402
0	934	402
0	935	402
0	936	402
0	937	402
0	938	402
0	939	402
0	940	402
0	1099	402
0	1100	402
0	1101	402
0	1102	402
0	1103	402
0	1104	402
0	1105	402
0	933	403
0	934	403
0	935	403
0	936	403
0	937	403
0	938	403
0	939	403
0	940	403
0	941	403
0	942	403
0	943	403
0	944	403
0	945	403
0	1098	403
0	1099	403
0	1100	403
0	1101	403
0	1102	403
0	1103	403
0	1104	403
0	938	404
0	939	404
0	940	404
0	941	404
0	942	404
0	943	404
0	944	404
0	945	404
0	946	404
0	947	404
0	948	404
0	949	404
0	1096	404
0	1097	404
0	1098	404
0	1099	404
0	1100	404
0	1101	404
0	1102	404
0	940	405
0	941	405
0	942	405
0	943	405
0	944	405
0	945	405
0	946	405
0	947	405
0	948	405
0	949	405
0	950	405
0	951	405
0	952	405
0	953	405
0	1094	405
0	1095	405
0	1096	405
0	1097	405
0	1098	405
0	1099	405
0	1100	405
0	942	406
0	943	406
0	944	406
0	945	406
0	946	406
0	947	406
0	948	406
0	949	406
0	950	406
0	951	406
0	952	406
0	953	406
0	954	406
0	955	406
0	956	406
0	957	406
0	958	406
0	1093	406
0	1094	406
0	1095	406
0	1096	406
0	1097	406
0	1098	406
0	1099	406
0	943	407
0	944	407
0	945	407
0	947	407
0	948	407
0	949	407
0	950	407
0	951	407
0	952	407
0	953	407
0	954	407
0	955	407
0	956	407
0	957	407
0	958	407
0	959	407
0	960	407
0	1092	407
0	1093	407
0	1094	407
0	1095	407
0	1096	407
0	1097	407
0	1098	407
0	949	408
0	950	408
0	951	408
0	952	408
0	953	408
0	954	408
0	955	408
0	956	408
0	957	408
0	958	408
0	959	408
0	960	408
0	961	408
0	962	408
0	1091	408
0	1092	408
0	1093	408
0	1094	408
0	1095	408
0	1096	408
0	957	409
0	958	409
0	959	409
0	960	409
0	961	409
0	962	409
0	963	409
0	1089	409
0	1090	409
0	1091	409
0	1092	409
0	1093	409
0	1094	409
0	959	410
0	960	410
0	961	410
0	962	410
0	963	410
0	964	410
0	965	410
0	966	410
0	1086	410
0	1087	410
0	1088	410
0	1089	410
0	1090	410
0	1091	410
0	1092	410
0	1093	410
0	1094	410
0	961	411
0	962	411
0	963	411
0	964	411
0	965	411
0	966	411
0	967	411
0	968	411
0	1084	411
0	1085	411
0	1086	411
0	1087	411
0	1088	411
0	1089	411
0	1090	411
0	1091	411
0	1092	411
0	962	412
0	963	412
0	964	412
0	965	412
0	966	412
0	967	412
0	968	412
0	969	412
0	970	412
0	1082	412
0	1083	412
0	1084	412
0	1085	412
0	1086	412
0	1087	412
0	1088	412
0	1089	412
0	1090	412
0	964	413
0	965	413
0	966	413
0	967	413
0	968	413
0	969	413
0	970	413
0	971	413
0	972	413
0	973	413
0	1080	413
0	1081	413
0	1082	413
0	1083	413
0	1084	413
0	1085	413
0	1086	413
0	1087	413
0	1088	413
0	965	414
0	966	414
0	967	414
0	968	414
0	969	414
0	970	414
0	971	414
0	972	414
0	973	414
0	974	414
0	975	414
0	1078	414
0	1079	414
0	1080	414
0	1081	414
0	1082	414
0	1083	414
0	1084	414
0	1085	414
0	1086	414
0	968	415
0	969	415
0	970	415
0	971	415
0	972	415
0	973	415
0	974	415
0	975	415
0	976	415
0	977	415
0	1076	415
0	1077	415
0	1078	415
0	1079	415
0	1080	415
0	1081	415
0	1082	415
0	1083	415
0	1084	415
0	970	416
0	971	416
0	972	416
0	973	416
0	974	416
0	975	416
0	976	416
0	977	416
0	978	416
0	1074	416
0	1075	416
0	1076	416
0	1077	416
0	1078	416
0	1079	416
0	1080	416
0	1081	416
0	1082	416
0	973	417
0	974	417
0	975	417
0	976	417
0	977	417
0	978	417
0	979	417
0	980	417
0	1071	417
0	1072	417
0	1073	417
0	1074	417
0	1075	417
0	1076	417
0	1077	417
0	1078	417
0	1079	417
0	1080	417
0	1081	417
0	976	418
0	977	418
0	978	418
0	979	418
0	980	418
0	981	418
0	982	418
0	983	418
0	1069	418
0	1070	418
0	1071	418
0	1072	418
0	1073	418
0	1074	418
0	1075	418
0	1076	418
0	1077	418
0	1078	418
0	978	419
0	979	419
0	980	419
0	981	419
0	982	419
0	983	419
0	984	419
0	985	419
0	986	419
0	987	419
0	1066	419
0	1067	419
0	1068	419
0	1069	419
0	1070	419
0	1071	419
0	1072	419
0	1073	419
0	1074	419
0	1075	419
0	1076	419
0	980	420
0	981	420
0	982	420
0	983	420
0	984	420
0	985	420
0	986	420
0	987	420
0	988	420
0	989	420
0	990	420
0	1064	420
0	1065	420
0	1066	420
0	1067	420
0	1068	420
0	1069	420
0	1070	420
0	1071	420
0	1072	420
0	1073	420
0	1074	420
0	982	421
0	983	421
0	984	421
0	985	421
0	986	421
0	987	421
0	988	421
0	989	421
0	990	421
0	991	421
0	992	421
0	993	421
0	994	421
0	995	421
0	996	421
0	997	421
0	998	421
0	1059	421
0	1060	421
0	1061	421
0	1062	421
0	1063	421
0	1064	421
0	1065	421
0	1066	421
0	1067	421
0	1068	421
0	1069	421
0	1070	421
0	1071	421
0	984	422
0	985	422
0	986	422
0	987	422
0	988	422
0	989	422
0	990	422
0	991	422
0	992	422
0	993	422
0	994	422
0	995	422
0	996	422
0	997	422
0	998	422
0	999	422
0	1000	422
0	1001	422
0	1002	422
0	1003	422
0	1004	422
0	1005	422
0	1006	422
0	1057	422
0	1058	422
0	1059	422
0	1060	422
0	1061	422
0	1062	422
0	1063	422
0	1064	422
0	1065	422
0	1066	422
0	1067	422
0	1068	422
0	986	423
0	987	423
0	988	423
0	989	423
0	990	423
0	991	423
0	992	423
0	993	423
0	994	423
0	995	423
0	996	423
0	997	423
0	998	423
0	999	423
0	1000	423
0	1001	423
0	1002	423
0	1003	423
0	1004	423
0	1005	423
0	1006	423
0	1007	423
0	1008	423
0	1009	423
0	1010	423
0	1011	423
0	1012	423
0	1013	423
0	1014	423
0	1015	423
0	1021	423
0	1022	423
0	1023	423
0	1024	423
0	1025	423
0	1031	423
0	1032	423
0	1044	423
0	1045	423
0	1049	423
0	1050	423
0	1051	423
0	1052	423
0	1053	423
0	1054	423
0	1055	423
0	1056	423
0	1057	423
0	1058	423
0	1059	423
0	1060	423
0	1061	423
0	1062	423
0	1063	423
0	990	424
0	991	424
0	992	424
0	993	424
0	994	424
0	995	424
0	996	424
0	997	424
0	998	424
0	999	424
0	1000	424
0	1001	424
0	1002	424
0	1003	424
0	1004	424
0	1005	424
0	1006	424
0	1007	424
0	1008	424
0	1009	424
0	1010	424
0	1011	424
0	1012	424
0	1013	424
0	1014	424
0	1015	424
0	1016	424
0	1017	424
0	1018	424
0	1019	424
0	1020	424
0	1021	424
0	1022	424
0	1023	424
0	1024	424
0	1025	424
0	1026	424
0	1027	424
0	1028	424
0	1029	424
0	1030	424
0	1031	424
0	1032	424
0	1033	424
0	1034	424
0	1035	424
0	1036	424
0	1037	424
0	1038	424
0	1039	424
0	1040	424
0	1041	424
0	1042	424
0	1043	424
0	1044	424
0	1045	424
0	1046	424
0	1047	424
0	1048	424
0	1049	424
0	1050	424
0	1051	424
0	1052	424
0	1053	424
0	1054	424
0	1055	424
0	1056	424
0	1057	424
0	1058	424
0	1059	424
0	1060	424
0	999	425
0	1000	425
0	1001	425
0	1002	425
0	1003	425
0	1004	425
0	1005	425
0	1006	425
0	1007	425
0	1008	425
0	1009	425
0	1010	425
0	1011	425
0	1012	425
0	1013	425
0	1014	425
0	1015	425
0	1016	425
0	1017	425
0	1018	425
0	1019	425
0	1020	425
0	1021	425
0	1022	425
0	1023	425
0	1024	425
0	1025	425
0	1026	425
0	1027	425
0	1028	425
0	1029	425
0	1030	425
0	1031	425
0	1032	425
0	1033	425
0	1034	425
0	1035	425
0	1036	425
0	1037	425
0	1038	425
0	1039	425
0	1040	425
0	1041	425
0	1042	425
0	1043	425
0	1044	425
0	1045	425
0	1046	425
0	1047	425
0	1048	425
0	1049	425
0	1050	425
0	1051	425
0	1052	425
0	1053	425
0	1054	425
0	1055	425
0	1005	426
0	1006	426
0	1007	426
0	1008	426
0	1009	426
0	1010	426
0	1011	426
0	1012	426
0	1013	426
0	1014	426
0	1015	426
0	1016	426
0	1017	426
0	1018	426
0	1019	426
0	1020	426
0	1021	426
0	1022	426
0	1023	426
0	1024	426
0	1025	426
0	1026	426
0	1027	426
0	1028	426
0	1029	426
0	1030	426
0	1031	426
0	1032	426
0	1033	426
0	1034	426
0	1035	426
0	1036	426
0	1037	426
0	1038	426
0	1039	426
0	1040	426
0	1041	426
0	1042	426
0	1043	426
0	1044	426
0	1045	426
0	1046	426
0	1047	426
0	1048	426
0	1049	426
0	1050	426
0	1051	426
0	1025	427
0	1026	427
0	1027	427
0	1028	427
0	1029	427
0	1030	427
0	1031	427
0	1032	427
0	1033	427
0	1034	427
0	1035	427
0	1036	427
0	1037	427
0	1038	427
0	1039	427
0	1042	427
0	1043	427
0	1044	427
0	1045	427
