551	1265	0
551	1266	0
551	1267	0
551	1268	0
551	1269	0
551	1308	0
551	1309	0
551	1310	0
551	1311	0
551	1312	0
551	1313	0
551	1314	0
552	1263	0
552	1264	0
552	1265	0
552	1266	0
552	1267	0
552	1308	0
552	1309	0
552	1310	0
552	1311	0
552	1312	0
552	1313	0
553	1260	0
553	1261	0
553	1262	0
553	1263	0
553	1298	0
553	1302	0
553	1303	0
553	1304	0
553	1305	0
553	1306	0
553	1307	0
553	1308	0
553	1309	0
553	1310	0
553	1311	0
553	1312	0
553	1313	0
554	1258	0
554	1259	0
554	1260	0
554	1261	0
554	1296	0
554	1297	0
554	1298	0
554	1299	0
554	1300	0
554	1301	0
554	1302	0
554	1303	0
554	1304	0
554	1305	0
554	1306	0
554	1307	0
554	1308	0
554	1309	0
554	1310	0
554	1311	0
554	1312	0
555	1256	0
555	1257	0
555	1258	0
555	1293	0
555	1294	0
555	1295	0
555	1296	0
555	1297	0
555	1304	0
555	1305	0
555	1306	0
555	1307	0
555	1308	0
555	1309	0
555	1310	0
556	1254	0
556	1255	0
556	1256	0
556	1257	0
556	1282	0
556	1283	0
556	1284	0
556	1285	0
556	1287	0
556	1288	0
556	1289	0
556	1290	0
556	1291	0
556	1292	0
557	1250	0
557	1251	0
557	1252	0
557	1253	0
557	1254	0
557	1255	0
557	1280	0
557	1281	0
557	1282	0
557	1283	0
557	1284	0
557	1285	0
558	1243	0
558	1244	0
558	1245	0
558	1246	0
558	1247	0
558	1248	0
558	1249	0
558	1250	0
558	1251	0
558	1252	0
558	1278	0
558	1279	0
558	1280	0
558	1281	0
558	1282	0
558	1283	0
559	1240	0
559	1241	0
559	1242	0
559	1243	0
559	1244	0
559	1245	0
559	1246	0
559	1247	0
559	1275	0
559	1276	0
559	1277	0
559	1278	0
559	1279	0
560	1233	0
560	1235	0
560	1236	0
560	1237	0
560	1238	0
560	1239	0
560	1240	0
560	1241	0
560	1242	0
560	1243	0
560	1244	0
560	1269	0
560	1270	0
560	1271	0
560	1272	0
560	1273	0
560	1274	0
560	1275	0
560	1276	0
560	1277	0
560	1278	0
561	1230	0
561	1231	0
561	1232	0
561	1233	0
561	1234	0
561	1235	0
561	1236	0
561	1237	0
561	1238	0
561	1239	0
561	1240	0
561	1241	0
561	1242	0
561	1268	0
561	1269	0
561	1270	0
561	1271	0
561	1272	0
561	1273	0
561	1274	0
561	1275	0
561	1276	0
561	1277	0
561	1278	0
561	1279	0
561	1280	0
561	1281	0
561	1282	0
561	1283	0
561	1284	0
561	1290	0
561	1291	0
561	1292	0
561	1293	0
561	1294	0
562	1229	0
562	1230	0
562	1231	0
562	1232	0
562	1233	0
562	1266	0
562	1267	0
562	1268	0
562	1269	0
562	1270	0
562	1271	0
562	1272	0
562	1273	0
562	1274	0
562	1275	0
562	1276	0
562	1277	0
562	1278	0
562	1279	0
562	1280	0
562	1281	0
562	1282	0
562	1283	0
562	1294	0
562	1295	0
562	1296	0
563	1263	0
563	1264	0
563	1265	0
563	1266	0
563	1267	0
563	1268	0
563	1269	0
563	1296	0
563	1297	0
563	1298	0
563	1299	0
563	1300	0
564	1259	0
564	1260	0
564	1261	0
564	1262	0
564	1263	0
564	1264	0
564	1265	0
564	1297	0
564	1298	0
564	1299	0
564	1300	0
564	1301	0
565	1254	0
565	1255	0
565	1256	0
565	1257	0
565	1258	0
565	1259	0
565	1260	0
565	1261	0
565	1298	0
565	1299	0
565	1300	0
565	1301	0
565	1302	0
566	1248	0
566	1249	0
566	1250	0
566	1251	0
566	1252	0
566	1253	0
566	1254	0
566	1255	0
566	1256	0
566	1257	0
566	1258	0
566	1299	0
566	1300	0
566	1301	0
566	1302	0
567	1244	0
567	1245	0
567	1246	0
567	1247	0
567	1248	0
567	1249	0
567	1250	0
567	1251	0
567	1252	0
567	1253	0
567	1254	0
567	1255	0
567	1256	0
567	1288	0
567	1299	0
567	1300	0
567	1301	0
567	1302	0
568	1239	0
568	1240	0
568	1241	0
568	1242	0
568	1243	0
568	1244	0
568	1245	0
568	1246	0
568	1247	0
568	1248	0
568	1249	0
568	1250	0
568	1251	0
568	1252	0
568	1287	0
568	1288	0
568	1299	0
568	1300	0
568	1301	0
568	1302	0
569	1236	0
569	1237	0
569	1238	0
569	1239	0
569	1240	0
569	1241	0
569	1242	0
569	1243	0
569	1244	0
569	1245	0
569	1246	0
569	1247	0
569	1278	0
569	1279	0
569	1280	0
569	1281	0
569	1282	0
569	1283	0
569	1284	0
569	1285	0
569	1286	0
569	1287	0
569	1288	0
569	1298	0
569	1299	0
569	1300	0
569	1301	0
569	1302	0
570	1229	0
570	1230	0
570	1231	0
570	1232	0
570	1233	0
570	1234	0
570	1235	0
570	1236	0
570	1237	0
570	1238	0
570	1239	0
570	1240	0
570	1275	0
570	1276	0
570	1277	0
570	1278	0
570	1279	0
570	1280	0
570	1281	0
570	1282	0
570	1283	0
570	1284	0
570	1285	0
570	1286	0
570	1287	0
570	1288	0
570	1289	0
570	1290	0
570	1291	0
570	1292	0
570	1295	0
570	1296	0
570	1297	0
570	1298	0
570	1299	0
570	1300	0
570	1301	0
570	1302	0
571	1228	0
571	1229	0
571	1230	0
571	1231	0
571	1232	0
571	1233	0
571	1234	0
571	1235	0
571	1266	0
571	1267	0
571	1268	0
571	1271	0
571	1272	0
571	1273	0
571	1274	0
571	1275	0
571	1276	0
571	1277	0
571	1278	0
571	1279	0
571	1280	0
571	1281	0
571	1282	0
571	1283	0
571	1284	0
571	1285	0
571	1286	0
571	1287	0
571	1288	0
571	1289	0
571	1290	0
571	1291	0
571	1292	0
571	1293	0
571	1294	0
571	1295	0
571	1296	0
571	1297	0
571	1298	0
571	1299	0
571	1300	0
571	1301	0
571	1302	0
572	1229	0
572	1230	0
572	1231	0
572	1262	0
572	1263	0
572	1264	0
572	1265	0
572	1266	0
572	1267	0
572	1268	0
572	1269	0
572	1270	0
572	1271	0
572	1272	0
572	1273	0
572	1274	0
572	1275	0
572	1276	0
572	1277	0
572	1278	0
572	1279	0
572	1280	0
572	1289	0
572	1290	0
572	1291	0
572	1292	0
572	1293	0
572	1294	0
572	1295	0
572	1296	0
572	1297	0
572	1298	0
572	1299	0
572	1300	0
572	1301	0
573	1258	0
573	1259	0
573	1260	0
573	1261	0
573	1262	0
573	1263	0
573	1264	0
573	1265	0
573	1266	0
573	1267	0
573	1268	0
573	1269	0
573	1270	0
573	1271	0
573	1272	0
573	1273	0
573	1274	0
573	1275	0
573	1276	0
573	1277	0
573	1278	0
573	1296	0
573	1297	0
573	1298	0
573	1299	0
573	1300	0
574	1145	0
574	1223	0
574	1224	0
574	1225	0
574	1226	0
574	1227	0
574	1228	0
574	1229	0
574	1230	0
574	1231	0
574	1232	0
574	1233	0
574	1244	0
574	1245	0
574	1246	0
574	1247	0
574	1248	0
574	1249	0
574	1250	0
574	1251	0
574	1252	0
574	1253	0
574	1254	0
574	1255	0
574	1256	0
574	1257	0
574	1258	0
574	1259	0
574	1260	0
574	1261	0
574	1262	0
574	1263	0
574	1264	0
574	1265	0
574	1266	0
574	1267	0
574	1268	0
574	1269	0
574	1270	0
574	1271	0
575	1145	0
575	1146	0
575	1147	0
575	1148	0
575	1149	0
575	1150	0
575	1151	0
575	1152	0
575	1153	0
575	1154	0
575	1155	0
575	1156	0
575	1157	0
575	1158	0
575	1167	0
575	1168	0
575	1213	0
575	1214	0
575	1215	0
575	1216	0
575	1217	0
575	1218	0
575	1219	0
575	1220	0
575	1221	0
575	1222	0
575	1223	0
575	1224	0
575	1225	0
575	1226	0
575	1227	0
575	1228	0
575	1229	0
575	1230	0
575	1231	0
575	1232	0
575	1233	0
575	1234	0
575	1235	0
575	1236	0
575	1237	0
575	1238	0
575	1239	0
575	1240	0
575	1241	0
575	1242	0
575	1243	0
575	1244	0
575	1245	0
575	1246	0
575	1247	0
575	1248	0
575	1249	0
575	1250	0
575	1251	0
575	1252	0
575	1253	0
575	1254	0
575	1255	0
575	1256	0
575	1257	0
575	1258	0
575	1259	0
575	1260	0
575	1261	0
575	1262	0
575	1263	0
575	1264	0
575	1265	0
576	1145	0
576	1146	0
576	1147	0
576	1148	0
576	1149	0
576	1150	0
576	1151	0
576	1152	0
576	1153	0
576	1154	0
576	1155	0
576	1156	0
576	1157	0
576	1158	0
576	1159	0
576	1160	0
576	1161	0
576	1162	0
576	1163	0
576	1164	0
576	1165	0
576	1166	0
576	1167	0
576	1168	0
576	1169	0
576	1170	0
576	1171	0
576	1172	0
576	1173	0
576	1174	0
576	1175	0
576	1176	0
576	1177	0
576	1178	0
576	1179	0
576	1180	0
576	1181	0
576	1194	0
576	1195	0
576	1196	0
576	1197	0
576	1198	0
576	1199	0
576	1200	0
576	1201	0
576	1202	0
576	1203	0
576	1204	0
576	1205	0
576	1206	0
576	1207	0
576	1208	0
576	1209	0
576	1210	0
576	1211	0
576	1212	0
576	1213	0
576	1214	0
576	1215	0
576	1216	0
576	1217	0
576	1218	0
576	1219	0
576	1220	0
576	1221	0
576	1222	0
576	1223	0
576	1224	0
576	1225	0
576	1226	0
576	1227	0
576	1228	0
576	1229	0
576	1230	0
576	1231	0
576	1232	0
576	1233	0
576	1234	0
576	1235	0
576	1236	0
576	1237	0
576	1238	0
576	1239	0
576	1240	0
576	1241	0
576	1242	0
576	1243	0
576	1244	0
576	1245	0
576	1246	0
576	1247	0
576	1248	0
576	1249	0
576	1250	0
576	1251	0
576	1252	0
576	1253	0
576	1254	0
576	1255	0
576	1256	0
576	1257	0
576	1258	0
576	1259	0
577	1145	0
577	1146	0
577	1147	0
577	1148	0
577	1149	0
577	1150	0
577	1151	0
577	1152	0
577	1153	0
577	1154	0
577	1155	0
577	1156	0
577	1157	0
577	1158	0
577	1159	0
577	1160	0
577	1161	0
577	1162	0
577	1163	0
577	1164	0
577	1165	0
577	1166	0
577	1167	0
577	1168	0
577	1169	0
577	1170	0
577	1171	0
577	1172	0
577	1173	0
577	1174	0
577	1175	0
577	1176	0
577	1177	0
577	1178	0
577	1179	0
577	1180	0
577	1181	0
577	1182	0
577	1183	0
577	1184	0
577	1185	0
577	1186	0
577	1187	0
577	1188	0
577	1189	0
577	1190	0
577	1191	0
577	1192	0
577	1193	0
577	1194	0
577	1195	0
577	1196	0
577	1197	0
577	1198	0
577	1199	0
577	1200	0
577	1201	0
577	1202	0
577	1203	0
577	1204	0
577	1205	0
577	1206	0
577	1207	0
577	1208	0
577	1209	0
577	1210	0
577	1211	0
577	1212	0
577	1213	0
577	1214	0
577	1215	0
577	1216	0
577	1217	0
577	1218	0
577	1219	0
577	1220	0
577	1221	0
577	1222	0
577	1223	0
577	1224	0
577	1225	0
577	1237	0
577	1238	0
577	1239	0
577	1240	0
577	1241	0
577	1242	0
577	1243	0
577	1244	0
577	1245	0
577	1246	0
577	1247	0
577	1248	0
577	1249	0
577	1250	0
578	1149	0
578	1150	0
578	1159	0
578	1160	0
578	1161	0
578	1162	0
578	1163	0
578	1164	0
578	1165	0
578	1166	0
578	1167	0
578	1168	0
578	1169	0
578	1170	0
578	1171	0
578	1172	0
578	1173	0
578	1174	0
578	1175	0
578	1176	0
578	1177	0
578	1178	0
578	1179	0
578	1180	0
578	1181	0
578	1182	0
578	1183	0
578	1184	0
578	1185	0
578	1186	0
578	1187	0
578	1188	0
578	1189	0
578	1190	0
578	1191	0
578	1192	0
578	1193	0
578	1194	0
578	1195	0
578	1196	0
578	1197	0
578	1198	0
578	1199	0
578	1200	0
578	1201	0
578	1202	0
578	1203	0
578	1204	0
578	1205	0
578	1206	0
578	1207	0
578	1208	0
578	1209	0
578	1210	0
578	1211	0
578	1212	0
578	1213	0
578	1214	0
578	1215	0
578	1216	0
578	1217	0
578	1218	0
578	1219	0
578	1220	0
579	1169	0
579	1170	0
579	1171	0
579	1172	0
579	1173	0
579	1174	0
579	1175	0
579	1176	0
579	1177	0
579	1178	0
579	1179	0
579	1180	0
579	1181	0
579	1182	0
579	1183	0
579	1184	0
579	1185	0
579	1186	0
579	1187	0
579	1188	0
579	1189	0
579	1190	0
579	1191	0
579	1192	0
579	1193	0
579	1194	0
579	1195	0
579	1196	0
579	1197	0
579	1198	0
579	1199	0
579	1200	0
579	1201	0
579	1202	0
579	1203	0
579	1204	0
579	1205	0
579	1206	0
579	1207	0
580	1179	0
580	1180	0
580	1181	0
