1040 303 1       
1040 304 1       
1040 305 1       
1040 306 1       
1040 303 2       
1040 304 2       
1040 305 2       
1040 306 2       
1040 303 3       
1040 304 3       
1040 305 3       
1040 306 3       
1040 303 4       
1040 304 4       
1040 305 4       
1040 306 4       
1040 303 5       
1040 304 5       
1040 305 5       
1040 306 5       
1040 303 6       
1040 304 6       
1040 305 6       
1040 306 6       
1040 303 7       
1040 304 7       
1040 305 7       
1040 306 7       
1040 303 8       
1040 304 8       
1040 305 8       
1040 306 8       
1040 303 9       
1040 304 9       
1040 305 9       
1040 306 9       
1040 303 10       
1040 304 10       
1040 305 10       
1040 306 10       
1040 303 11       
1040 304 11       
1040 305 11       
1040 306 11       
1040 303 12       
1040 304 12       
1040 305 12       
1040 306 12       
1040 303 13       
1040 304 13       
1040 305 13       
1040 306 13       
1040 303 14       
1040 304 14       
1040 305 14       
1040 306 14       
1040 303 15       
1040 304 15       
1040 305 15       
1040 306 15       
1040 303 16       
1040 304 16       
1040 305 16       
1040 306 16       
1040 303 17       
1040 304 17       
1040 305 17       
1040 306 17       
1040 304 18       
1040 305 18       
1040 306 18       
1040 304 19       
1040 305 19       
1040 306 19       
1040 304 20       
1040 305 20       
1040 306 20       
1040 304 21       
1040 305 21       
1040 306 21       
1040 304 22       
1040 305 22       
1040 306 22       
1040 304 23       
1040 305 23       
1040 306 23       
1040 307 23       
1040 304 24       
1040 305 24       
1040 306 24       
1040 307 24       
1040 304 25       
1040 305 25       
1040 306 25       
1040 307 25       
1040 305 26       
1040 306 26       
1040 307 26       
1040 305 27       
1040 306 27       
1040 307 27       
1040 305 28       
1040 306 28       
1040 307 28       
1040 308 28       
1040 305 29       
1040 306 29       
1040 307 29       
1040 308 29       
1040 305 30       
1040 306 30       
1040 307 30       
1040 308 30       
1040 305 31       
1040 306 31       
1040 307 31       
1040 308 31       
1040 305 32       
1040 306 32       
1040 307 32       
1040 308 32       
1040 306 33       
1040 307 33       
1040 308 33       
1040 306 34       
1040 307 34       
1040 308 34       
1040 306 35       
1040 307 35       
1040 308 35       
1040 309 35       
1040 306 36       
1040 307 36       
1040 308 36       
1040 309 36       
1040 306 37       
1040 307 37       
1040 308 37       
1040 309 37       
1040 307 38       
1040 308 38       
1040 309 38       
1040 307 39       
1040 308 39       
1040 309 39       
1040 310 39       
1040 308 40       
1040 309 40       
1040 310 40       
1040 308 41       
1040 309 41       
1040 310 41       
1040 308 42       
1040 309 42       
1040 310 42       
1040 308 43       
1040 309 43       
1040 310 43       
1040 311 43       
1040 309 44       
1040 310 44       
1040 311 44       
1040 312 44       
1040 309 45       
1040 310 45       
1040 311 45       
1040 312 45       
1040 310 46       
1040 311 46       
1040 312 46       
1040 522 46       
1040 523 46       
1040 310 47       
1040 311 47       
1040 312 47       
1040 520 47       
1040 521 47       
1040 522 47       
1040 523 47       
1040 524 47       
1040 525 47       
1040 526 47       
1040 527 47       
1040 528 47       
1040 529 47       
1040 530 47       
1040 531 47       
1040 532 47       
1040 533 47       
1040 534 47       
1040 310 48       
1040 311 48       
1040 312 48       
1040 313 48       
1040 519 48       
1040 520 48       
1040 521 48       
1040 522 48       
1040 523 48       
1040 524 48       
1040 525 48       
1040 526 48       
1040 527 48       
1040 528 48       
1040 529 48       
1040 530 48       
1040 531 48       
1040 532 48       
1040 533 48       
1040 534 48       
1040 311 49       
1040 312 49       
1040 313 49       
1040 518 49       
1040 519 49       
1040 520 49       
1040 521 49       
1040 522 49       
1040 523 49       
1040 524 49       
1040 525 49       
1040 526 49       
1040 527 49       
1040 528 49       
1040 529 49       
1040 530 49       
1040 531 49       
1040 532 49       
1040 533 49       
1040 534 49       
1040 312 50       
1040 313 50       
1040 517 50       
1040 518 50       
1040 519 50       
1040 520 50       
1040 521 50       
1040 312 51       
1040 313 51       
1040 314 51       
1040 516 51       
1040 517 51       
1040 518 51       
1040 519 51       
1040 312 52       
1040 313 52       
1040 314 52       
1040 515 52       
1040 516 52       
1040 517 52       
1040 518 52       
1040 313 53       
1040 314 53       
1040 315 53       
1040 516 53       
1040 517 53       
1040 518 53       
1040 313 54       
1040 314 54       
1040 315 54       
1040 316 54       
1040 516 54       
1040 517 54       
1040 518 54       
1040 519 54       
1040 314 55       
1040 315 55       
1040 316 55       
1040 516 55       
1040 517 55       
1040 518 55       
1040 519 55       
1040 314 56       
1040 315 56       
1040 316 56       
1040 516 56       
1040 517 56       
1040 518 56       
1040 519 56       
1040 314 57       
1040 315 57       
1040 316 57       
1040 517 57       
1040 518 57       
1040 519 57       
1040 314 58       
1040 315 58       
1040 316 58       
1040 317 58       
1040 517 58       
1040 518 58       
1040 519 58       
1040 315 59       
1040 316 59       
1040 317 59       
1040 318 59       
1040 517 59       
1040 518 59       
1040 519 59       
1040 316 60       
1040 317 60       
1040 318 60       
1040 517 60       
1040 518 60       
1040 519 60       
1040 317 61       
1040 318 61       
1040 319 61       
1040 517 61       
1040 518 61       
1040 519 61       
1040 318 62       
1040 319 62       
1040 320 62       
1040 517 62       
1040 518 62       
1040 519 62       
1040 319 63       
1040 320 63       
1040 517 63       
1040 518 63       
1040 519 63       
1040 319 64       
1040 320 64       
1040 321 64       
1040 517 64       
1040 518 64       
1040 519 64       
1040 320 65       
1040 321 65       
1040 322 65       
1040 518 65       
1040 519 65       
1040 520 65       
1040 321 66       
1040 322 66       
1040 323 66       
1040 518 66       
1040 519 66       
1040 520 66       
1040 322 67       
1040 323 67       
1040 324 67       
1040 518 67       
1040 519 67       
1040 520 67       
1040 322 68       
1040 323 68       
1040 324 68       
1040 518 68       
1040 519 68       
1040 520 68       
1040 323 69       
1040 324 69       
1040 325 69       
1040 518 69       
1040 519 69       
1040 520 69       
1040 324 70       
1040 325 70       
1040 326 70       
1040 517 70       
1040 518 70       
1040 519 70       
1040 520 70       
1040 325 71       
1040 326 71       
1040 327 71       
1040 517 71       
1040 518 71       
1040 519 71       
1040 520 71       
1040 326 72       
1040 327 72       
1040 517 72       
1040 518 72       
1040 519 72       
1040 520 72       
1040 327 73       
1040 328 73       
1040 517 73       
1040 518 73       
1040 519 73       
1040 328 74       
1040 329 74       
1040 330 74       
1040 516 74       
1040 517 74       
1040 518 74       
1040 519 74       
1040 329 75       
1040 330 75       
1040 331 75       
1040 516 75       
1040 517 75       
1040 518 75       
1040 519 75       
1040 330 76       
1040 331 76       
1040 332 76       
1040 516 76       
1040 517 76       
1040 518 76       
1040 331 77       
1040 332 77       
1040 333 77       
1040 515 77       
1040 516 77       
1040 517 77       
1040 518 77       
1040 332 78       
1040 333 78       
1040 334 78       
1040 514 78       
1040 515 78       
1040 516 78       
1040 517 78       
1040 332 79       
1040 333 79       
1040 334 79       
1040 335 79       
1040 336 79       
1040 514 79       
1040 515 79       
1040 516 79       
1040 517 79       
1040 334 80       
1040 335 80       
1040 336 80       
1040 337 80       
1040 513 80       
1040 514 80       
1040 515 80       
1040 516 80       
1040 335 81       
1040 336 81       
1040 337 81       
1040 338 81       
1040 513 81       
1040 514 81       
1040 515 81       
1040 516 81       
1040 336 82       
1040 337 82       
1040 338 82       
1040 339 82       
1040 514 82       
1040 515 82       
1040 516 82       
1040 338 83       
1040 339 83       
1040 340 83       
1040 341 83       
1040 514 83       
1040 515 83       
1040 516 83       
1040 517 83       
1040 340 84       
1040 341 84       
1040 342 84       
1040 514 84       
1040 515 84       
1040 516 84       
1040 517 84       
1040 341 85       
1040 342 85       
1040 343 85       
1040 344 85       
1040 346 85       
1040 347 85       
1040 348 85       
1040 514 85       
1040 515 85       
1040 516 85       
1040 517 85       
1040 344 86       
1040 345 86       
1040 346 86       
1040 347 86       
1040 348 86       
1040 514 86       
1040 515 86       
1040 516 86       
1040 517 86       
1040 347 87       
1040 348 87       
1040 514 87       
1040 515 87       
1040 516 87       
1040 517 87       
1040 347 88       
1040 348 88       
1040 350 88       
1040 514 88       
1040 515 88       
1040 516 88       
1040 517 88       
1040 347 89       
1040 348 89       
1040 349 89       
1040 350 89       
1040 351 89       
1040 513 89       
1040 514 89       
1040 515 89       
1040 516 89       
1040 349 90       
1040 350 90       
1040 351 90       
1040 352 90       
1040 353 90       
1040 513 90       
1040 514 90       
1040 515 90       
1040 516 90       
1040 350 91       
1040 351 91       
1040 352 91       
1040 353 91       
1040 354 91       
1040 485 91       
1040 486 91       
1040 512 91       
1040 513 91       
1040 514 91       
1040 515 91       
1040 352 92       
1040 353 92       
1040 354 92       
1040 355 92       
1040 356 92       
1040 357 92       
1040 484 92       
1040 485 92       
1040 486 92       
1040 487 92       
1040 488 92       
1040 511 92       
1040 512 92       
1040 513 92       
1040 514 92       
1040 353 93       
1040 354 93       
1040 355 93       
1040 356 93       
1040 357 93       
1040 358 93       
1040 484 93       
1040 485 93       
1040 486 93       
1040 487 93       
1040 488 93       
1040 510 93       
1040 511 93       
1040 512 93       
1040 513 93       
1040 355 94       
1040 356 94       
1040 357 94       
1040 358 94       
1040 359 94       
1040 360 94       
1040 484 94       
1040 485 94       
1040 486 94       
1040 487 94       
1040 488 94       
1040 489 94       
1040 508 94       
1040 509 94       
1040 510 94       
1040 511 94       
1040 512 94       
1040 357 95       
1040 358 95       
1040 359 95       
1040 360 95       
1040 361 95       
1040 362 95       
1040 363 95       
1040 364 95       
1040 483 95       
1040 484 95       
1040 487 95       
1040 488 95       
1040 489 95       
1040 490 95       
1040 506 95       
1040 507 95       
1040 508 95       
1040 509 95       
1040 510 95       
1040 360 96       
1040 361 96       
1040 362 96       
1040 363 96       
1040 364 96       
1040 365 96       
1040 482 96       
1040 483 96       
1040 488 96       
1040 489 96       
1040 490 96       
1040 491 96       
1040 492 96       
1040 504 96       
1040 505 96       
1040 506 96       
1040 507 96       
1040 508 96       
1040 509 96       
1040 363 97       
1040 364 97       
1040 365 97       
1040 366 97       
1040 367 97       
1040 368 97       
1040 369 97       
1040 479 97       
1040 481 97       
1040 482 97       
1040 490 97       
1040 491 97       
1040 492 97       
1040 493 97       
1040 494 97       
1040 495 97       
1040 496 97       
1040 497 97       
1040 498 97       
1040 499 97       
1040 500 97       
1040 501 97       
1040 502 97       
1040 503 97       
1040 504 97       
1040 505 97       
1040 506 97       
1040 507 97       
1040 508 97       
1040 365 98       
1040 366 98       
1040 367 98       
1040 368 98       
1040 369 98       
1040 370 98       
1040 478 98       
1040 479 98       
1040 480 98       
1040 481 98       
1040 482 98       
1040 492 98       
1040 493 98       
1040 494 98       
1040 495 98       
1040 496 98       
1040 497 98       
1040 498 98       
1040 499 98       
1040 500 98       
1040 501 98       
1040 502 98       
1040 503 98       
1040 504 98       
1040 505 98       
1040 506 98       
1040 367 99       
1040 368 99       
1040 369 99       
1040 370 99       
1040 371 99       
1040 372 99       
1040 373 99       
1040 374 99       
1040 464 99       
1040 465 99       
1040 466 99       
1040 476 99       
1040 477 99       
1040 478 99       
1040 479 99       
1040 480 99       
1040 481 99       
1040 496 99       
1040 497 99       
1040 498 99       
1040 373 100       
1040 374 100       
1040 375 100       
1040 376 100       
1040 377 100       
1040 378 100       
1040 379 100       
1040 463 100       
1040 464 100       
1040 465 100       
1040 476 100       
1040 477 100       
1040 478 100       
1040 376 101       
1040 377 101       
1040 378 101       
1040 379 101       
1040 380 101       
1040 381 101       
1040 382 101       
1040 383 101       
1040 384 101       
1040 385 101       
1040 406 101       
1040 407 101       
1040 408 101       
1040 462 101       
1040 469 101       
1040 470 101       
1040 475 101       
1040 476 101       
1040 477 101       
1040 478 101       
1040 380 102       
1040 381 102       
1040 382 102       
1040 383 102       
1040 384 102       
1040 385 102       
1040 386 102       
1040 387 102       
1040 388 102       
1040 389 102       
1040 390 102       
1040 391 102       
1040 392 102       
1040 393 102       
1040 394 102       
1040 395 102       
1040 396 102       
1040 397 102       
1040 398 102       
1040 399 102       
1040 400 102       
1040 401 102       
1040 402 102       
1040 403 102       
1040 404 102       
1040 405 102       
1040 406 102       
1040 407 102       
1040 408 102       
1040 409 102       
1040 410 102       
1040 461 102       
1040 462 102       
1040 465 102       
1040 466 102       
1040 467 102       
1040 468 102       
1040 469 102       
1040 470 102       
1040 471 102       
1040 474 102       
1040 475 102       
1040 476 102       
1040 477 102       
1040 386 103       
1040 387 103       
1040 388 103       
1040 389 103       
1040 390 103       
1040 391 103       
1040 392 103       
1040 393 103       
1040 394 103       
1040 395 103       
1040 396 103       
1040 397 103       
1040 398 103       
1040 399 103       
1040 400 103       
1040 401 103       
1040 402 103       
1040 403 103       
1040 406 103       
1040 407 103       
1040 408 103       
1040 409 103       
1040 410 103       
1040 411 103       
1040 412 103       
1040 413 103       
1040 414 103       
1040 461 103       
1040 462 103       
1040 463 103       
1040 464 103       
1040 465 103       
1040 466 103       
1040 467 103       
1040 468 103       
1040 469 103       
1040 470 103       
1040 471 103       
1040 472 103       
1040 473 103       
1040 474 103       
1040 475 103       
1040 476 103       
1040 390 104       
1040 391 104       
1040 392 104       
1040 393 104       
1040 394 104       
1040 395 104       
1040 396 104       
1040 397 104       
1040 398 104       
1040 399 104       
1040 410 104       
1040 411 104       
1040 412 104       
1040 413 104       
1040 414 104       
1040 415 104       
1040 416 104       
1040 417 104       
1040 418 104       
1040 419 104       
1040 420 104       
1040 460 104       
1040 461 104       
1040 462 104       
1040 463 104       
1040 464 104       
1040 469 104       
1040 470 104       
1040 471 104       
1040 472 104       
1040 473 104       
1040 474 104       
1040 475 104       
1040 414 105       
1040 415 105       
1040 416 105       
1040 417 105       
1040 418 105       
1040 419 105       
1040 420 105       
1040 421 105       
1040 422 105       
1040 423 105       
1040 424 105       
1040 425 105       
1040 426 105       
1040 427 105       
1040 428 105       
1040 429 105       
1040 460 105       
1040 461 105       
1040 462 105       
1040 472 105       
1040 473 105       
1040 474 105       
1040 416 106       
1040 417 106       
1040 418 106       
1040 419 106       
1040 420 106       
1040 421 106       
1040 422 106       
1040 423 106       
1040 424 106       
1040 425 106       
1040 426 106       
1040 427 106       
1040 428 106       
1040 429 106       
1040 430 106       
1040 431 106       
1040 432 106       
1040 433 106       
1040 459 106       
1040 460 106       
1040 461 106       
1040 424 107       
1040 425 107       
1040 426 107       
1040 427 107       
1040 428 107       
1040 429 107       
1040 430 107       
1040 431 107       
1040 432 107       
1040 433 107       
1040 434 107       
1040 435 107       
1040 436 107       
1040 437 107       
1040 438 107       
1040 459 107       
1040 460 107       
1040 461 107       
1040 428 108       
1040 429 108       
1040 430 108       
1040 431 108       
1040 432 108       
1040 433 108       
1040 434 108       
1040 435 108       
1040 436 108       
1040 437 108       
1040 438 108       
1040 439 108       
1040 440 108       
1040 441 108       
1040 442 108       
1040 443 108       
1040 444 108       
1040 459 108       
1040 460 108       
1040 461 108       
1040 437 109       
1040 438 109       
1040 439 109       
1040 440 109       
1040 441 109       
1040 442 109       
1040 443 109       
1040 444 109       
1040 445 109       
1040 446 109       
1040 459 109       
1040 460 109       
1040 461 109       
1040 440 110       
1040 441 110       
1040 442 110       
1040 443 110       
1040 444 110       
1040 445 110       
1040 446 110       
1040 447 110       
1040 448 110       
1040 449 110       
1040 459 110       
1040 460 110       
1040 445 111       
1040 446 111       
1040 447 111       
1040 448 111       
1040 449 111       
1040 450 111       
1040 451 111       
1040 452 111       
1040 453 111       
1040 454 111       
1040 457 111       
1040 458 111       
1040 459 111       
1040 460 111       
1040 447 112       
1040 448 112       
1040 449 112       
1040 450 112       
1040 451 112       
1040 452 112       
1040 453 112       
1040 454 112       
1040 455 112       
1040 456 112       
1040 457 112       
1040 458 112       
1040 459 112       
1040 460 112       
1040 450 113       
1040 451 113       
1040 452 113       
1040 453 113       
1040 454 113       
1040 455 113       
1040 456 113       
1040 457 113       
