1040 374 -100       
1040 375 -100       
1040 376 -100       
1040 377 -100       
1040 378 -100       
1040 379 -100       
1040 380 -100       
1040 381 -100       
1040 382 -100       
1040 383 -100       
1040 384 -100       
1040 385 -100       
1040 386 -100       
1040 387 -100       
1040 388 -100       
1040 389 -100       
1040 390 -100       
1040 391 -100       
1040 392 -100       
1040 393 -100       
1040 394 -100       
1040 395 -100       
1040 396 -100       
1040 397 -100       
1040 398 -100       
1040 368 -99       
1040 369 -99       
1040 370 -99       
1040 371 -99       
1040 372 -99       
1040 373 -99       
1040 374 -99       
1040 375 -99       
1040 376 -99       
1040 377 -99       
1040 378 -99       
1040 379 -99       
1040 380 -99       
1040 381 -99       
1040 382 -99       
1040 383 -99       
1040 384 -99       
1040 385 -99       
1040 386 -99       
1040 387 -99       
1040 388 -99       
1040 389 -99       
1040 390 -99       
1040 391 -99       
1040 392 -99       
1040 393 -99       
1040 394 -99       
1040 395 -99       
1040 396 -99       
1040 397 -99       
1040 398 -99       
1040 399 -99       
1040 400 -99       
1040 401 -99       
1040 402 -99       
1040 403 -99       
1040 365 -98       
1040 366 -98       
1040 367 -98       
1040 368 -98       
1040 369 -98       
1040 370 -98       
1040 371 -98       
1040 372 -98       
1040 373 -98       
1040 374 -98       
1040 375 -98       
1040 376 -98       
1040 377 -98       
1040 378 -98       
1040 379 -98       
1040 380 -98       
1040 381 -98       
1040 382 -98       
1040 383 -98       
1040 384 -98       
1040 385 -98       
1040 386 -98       
1040 387 -98       
1040 388 -98       
1040 389 -98       
1040 390 -98       
1040 391 -98       
1040 392 -98       
1040 393 -98       
1040 394 -98       
1040 395 -98       
1040 396 -98       
1040 397 -98       
1040 398 -98       
1040 399 -98       
1040 400 -98       
1040 401 -98       
1040 402 -98       
1040 403 -98       
1040 404 -98       
1040 405 -98       
1040 406 -98       
1040 407 -98       
1040 408 -98       
1040 409 -98       
1040 410 -98       
1040 411 -98       
1040 412 -98       
1040 361 -97       
1040 362 -97       
1040 363 -97       
1040 364 -97       
1040 365 -97       
1040 366 -97       
1040 367 -97       
1040 368 -97       
1040 369 -97       
1040 370 -97       
1040 371 -97       
1040 372 -97       
1040 373 -97       
1040 374 -97       
1040 375 -97       
1040 376 -97       
1040 377 -97       
1040 378 -97       
1040 379 -97       
1040 380 -97       
1040 381 -97       
1040 399 -97       
1040 400 -97       
1040 401 -97       
1040 402 -97       
1040 403 -97       
1040 404 -97       
1040 405 -97       
1040 406 -97       
1040 407 -97       
1040 408 -97       
1040 409 -97       
1040 410 -97       
1040 411 -97       
1040 412 -97       
1040 413 -97       
1040 414 -97       
1040 415 -97       
1040 416 -97       
1040 359 -96       
1040 360 -96       
1040 361 -96       
1040 362 -96       
1040 363 -96       
1040 364 -96       
1040 365 -96       
1040 366 -96       
1040 367 -96       
1040 368 -96       
1040 369 -96       
1040 370 -96       
1040 371 -96       
1040 401 -96       
1040 402 -96       
1040 403 -96       
1040 404 -96       
1040 405 -96       
1040 406 -96       
1040 407 -96       
1040 408 -96       
1040 409 -96       
1040 410 -96       
1040 411 -96       
1040 412 -96       
1040 413 -96       
1040 414 -96       
1040 415 -96       
1040 416 -96       
1040 417 -96       
1040 418 -96       
1040 356 -95       
1040 357 -95       
1040 358 -95       
1040 359 -95       
1040 360 -95       
1040 361 -95       
1040 362 -95       
1040 363 -95       
1040 364 -95       
1040 365 -95       
1040 366 -95       
1040 367 -95       
1040 405 -95       
1040 406 -95       
1040 407 -95       
1040 408 -95       
1040 409 -95       
1040 410 -95       
1040 411 -95       
1040 412 -95       
1040 413 -95       
1040 414 -95       
1040 415 -95       
1040 416 -95       
1040 417 -95       
1040 418 -95       
1040 419 -95       
1040 420 -95       
1040 355 -94       
1040 356 -94       
1040 357 -94       
1040 358 -94       
1040 359 -94       
1040 360 -94       
1040 361 -94       
1040 362 -94       
1040 410 -94       
1040 411 -94       
1040 412 -94       
1040 413 -94       
1040 414 -94       
1040 415 -94       
1040 416 -94       
1040 417 -94       
1040 418 -94       
1040 419 -94       
1040 420 -94       
1040 421 -94       
1040 422 -94       
1040 353 -93       
1040 354 -93       
1040 355 -93       
1040 356 -93       
1040 357 -93       
1040 358 -93       
1040 359 -93       
1040 415 -93       
1040 416 -93       
1040 417 -93       
1040 418 -93       
1040 419 -93       
1040 420 -93       
1040 421 -93       
1040 422 -93       
1040 423 -93       
1040 424 -93       
1040 425 -93       
1040 351 -92       
1040 352 -92       
1040 353 -92       
1040 354 -92       
1040 355 -92       
1040 356 -92       
1040 419 -92       
1040 420 -92       
1040 421 -92       
1040 422 -92       
1040 423 -92       
1040 424 -92       
1040 425 -92       
1040 426 -92       
1040 427 -92       
1040 348 -91       
1040 349 -91       
1040 350 -91       
1040 351 -91       
1040 352 -91       
1040 353 -91       
1040 354 -91       
1040 422 -91       
1040 423 -91       
1040 424 -91       
1040 425 -91       
1040 426 -91       
1040 427 -91       
1040 428 -91       
1040 429 -91       
1040 347 -90       
1040 348 -90       
1040 349 -90       
1040 350 -90       
1040 351 -90       
1040 425 -90       
1040 426 -90       
1040 427 -90       
1040 428 -90       
1040 429 -90       
1040 430 -90       
1040 431 -90       
1040 346 -89       
1040 347 -89       
1040 348 -89       
1040 349 -89       
1040 427 -89       
1040 428 -89       
1040 429 -89       
1040 430 -89       
1040 431 -89       
1040 432 -89       
1040 345 -88       
1040 346 -88       
1040 347 -88       
1040 348 -88       
1040 429 -88       
1040 430 -88       
1040 431 -88       
1040 432 -88       
1040 433 -88       
1040 434 -88       
1040 344 -87       
1040 345 -87       
1040 346 -87       
1040 432 -87       
1040 433 -87       
1040 434 -87       
1040 435 -87       
1040 436 -87       
1040 437 -87       
1040 343 -86       
1040 344 -86       
1040 345 -86       
1040 434 -86       
1040 435 -86       
1040 436 -86       
1040 437 -86       
1040 438 -86       
1040 439 -86       
1040 342 -85       
1040 343 -85       
1040 435 -85       
1040 436 -85       
1040 437 -85       
1040 438 -85       
1040 439 -85       
1040 440 -85       
1040 341 -84       
1040 342 -84       
1040 437 -84       
1040 438 -84       
1040 439 -84       
1040 440 -84       
1040 441 -84       
1040 442 -84       
1040 340 -83       
1040 341 -83       
1040 438 -83       
1040 439 -83       
1040 440 -83       
1040 441 -83       
1040 442 -83       
1040 443 -83       
1040 339 -82       
1040 340 -82       
1040 439 -82       
1040 440 -82       
1040 441 -82       
1040 442 -82       
1040 443 -82       
1040 444 -82       
1040 338 -81       
1040 440 -81       
1040 441 -81       
1040 442 -81       
1040 443 -81       
1040 444 -81       
1040 445 -81       
1040 446 -81       
1040 337 -80       
1040 338 -80       
1040 442 -80       
1040 443 -80       
1040 444 -80       
1040 445 -80       
1040 446 -80       
1040 447 -80       
1040 337 -79       
1040 443 -79       
1040 444 -79       
1040 445 -79       
1040 446 -79       
1040 447 -79       
1040 448 -79       
1040 335 -78       
1040 444 -78       
1040 445 -78       
1040 446 -78       
1040 447 -78       
1040 448 -78       
1040 449 -78       
1040 446 -77       
1040 447 -77       
1040 448 -77       
1040 449 -77       
1040 450 -77       
1040 447 -76       
1040 448 -76       
1040 449 -76       
1040 450 -76       
1040 451 -76       
1040 452 -76       
1040 449 -75       
1040 450 -75       
1040 451 -75       
1040 452 -75       
1040 453 -75       
1040 332 -74       
1040 450 -74       
1040 451 -74       
1040 452 -74       
1040 453 -74       
1040 454 -74       
1040 329 -73       
1040 330 -73       
1040 450 -73       
1040 451 -73       
1040 452 -73       
1040 453 -73       
1040 454 -73       
1040 455 -73       
1040 328 -72       
1040 329 -72       
1040 330 -72       
1040 451 -72       
1040 452 -72       
1040 453 -72       
1040 454 -72       
1040 455 -72       
1040 456 -72       
1040 328 -71       
1040 329 -71       
1040 330 -71       
1040 452 -71       
1040 453 -71       
1040 454 -71       
1040 455 -71       
1040 456 -71       
1040 457 -71       
1040 328 -70       
1040 329 -70       
1040 453 -70       
1040 454 -70       
1040 455 -70       
1040 456 -70       
1040 457 -70       
1040 458 -70       
1040 327 -69       
1040 328 -69       
1040 329 -69       
1040 454 -69       
1040 455 -69       
1040 456 -69       
1040 457 -69       
1040 458 -69       
1040 459 -69       
1040 326 -68       
1040 327 -68       
1040 328 -68       
1040 455 -68       
1040 456 -68       
1040 457 -68       
1040 458 -68       
1040 459 -68       
1040 460 -68       
1040 325 -67       
1040 326 -67       
1040 327 -67       
1040 328 -67       
1040 456 -67       
1040 457 -67       
1040 458 -67       
1040 459 -67       
1040 460 -67       
1040 461 -67       
1040 324 -66       
1040 325 -66       
1040 326 -66       
1040 327 -66       
1040 457 -66       
1040 458 -66       
1040 459 -66       
1040 460 -66       
1040 461 -66       
1040 324 -65       
1040 325 -65       
1040 326 -65       
1040 458 -65       
1040 459 -65       
1040 460 -65       
1040 461 -65       
1040 462 -65       
1040 323 -64       
1040 324 -64       
1040 325 -64       
1040 458 -64       
1040 459 -64       
1040 460 -64       
1040 461 -64       
1040 462 -64       
1040 322 -63       
1040 323 -63       
1040 324 -63       
1040 459 -63       
1040 460 -63       
1040 461 -63       
1040 462 -63       
1040 463 -63       
1040 322 -62       
1040 323 -62       
1040 324 -62       
1040 460 -62       
1040 461 -62       
1040 462 -62       
1040 463 -62       
1040 464 -62       
1040 322 -61       
1040 323 -61       
1040 461 -61       
1040 462 -61       
1040 463 -61       
1040 464 -61       
1040 465 -61       
1040 321 -60       
1040 322 -60       
1040 323 -60       
1040 462 -60       
1040 463 -60       
1040 464 -60       
1040 465 -60       
1040 466 -60       
1040 534 -60       
1040 320 -59       
1040 321 -59       
1040 322 -59       
1040 463 -59       
1040 464 -59       
1040 465 -59       
1040 466 -59       
1040 531 -59       
1040 532 -59       
1040 533 -59       
1040 534 -59       
1040 320 -58       
1040 321 -58       
1040 322 -58       
1040 464 -58       
1040 465 -58       
1040 466 -58       
1040 467 -58       
1040 529 -58       
1040 530 -58       
1040 531 -58       
1040 532 -58       
1040 533 -58       
1040 534 -58       
1040 319 -57       
1040 320 -57       
1040 321 -57       
1040 464 -57       
1040 465 -57       
1040 466 -57       
1040 467 -57       
1040 468 -57       
1040 469 -57       
1040 527 -57       
1040 528 -57       
1040 529 -57       
1040 530 -57       
1040 531 -57       
1040 532 -57       
1040 533 -57       
1040 534 -57       
1040 319 -56       
1040 320 -56       
1040 321 -56       
1040 465 -56       
1040 466 -56       
1040 467 -56       
1040 468 -56       
1040 469 -56       
1040 470 -56       
1040 471 -56       
1040 525 -56       
1040 526 -56       
1040 527 -56       
1040 528 -56       
1040 529 -56       
1040 530 -56       
1040 531 -56       
1040 318 -55       
1040 319 -55       
1040 320 -55       
1040 466 -55       
1040 467 -55       
1040 468 -55       
1040 469 -55       
1040 470 -55       
1040 471 -55       
1040 472 -55       
1040 473 -55       
1040 474 -55       
1040 475 -55       
1040 523 -55       
1040 524 -55       
1040 525 -55       
1040 526 -55       
1040 527 -55       
1040 528 -55       
1040 529 -55       
1040 530 -55       
1040 317 -54       
1040 318 -54       
1040 319 -54       
1040 467 -54       
1040 468 -54       
1040 469 -54       
1040 470 -54       
1040 471 -54       
1040 472 -54       
1040 473 -54       
1040 474 -54       
1040 475 -54       
1040 476 -54       
1040 477 -54       
1040 478 -54       
1040 520 -54       
1040 521 -54       
1040 522 -54       
1040 523 -54       
1040 524 -54       
1040 525 -54       
1040 526 -54       
1040 527 -54       
1040 528 -54       
1040 317 -53       
1040 318 -53       
1040 319 -53       
1040 472 -53       
1040 473 -53       
1040 474 -53       
1040 475 -53       
1040 476 -53       
1040 477 -53       
1040 478 -53       
1040 479 -53       
1040 518 -53       
1040 519 -53       
1040 520 -53       
1040 521 -53       
1040 522 -53       
1040 523 -53       
1040 524 -53       
1040 525 -53       
1040 317 -52       
1040 318 -52       
1040 474 -52       
1040 475 -52       
1040 476 -52       
1040 477 -52       
1040 478 -52       
1040 479 -52       
1040 480 -52       
1040 481 -52       
1040 515 -52       
1040 516 -52       
1040 517 -52       
1040 518 -52       
1040 519 -52       
1040 520 -52       
1040 521 -52       
1040 522 -52       
1040 523 -52       
1040 316 -51       
1040 317 -51       
1040 318 -51       
1040 476 -51       
1040 477 -51       
1040 478 -51       
1040 479 -51       
1040 480 -51       
1040 481 -51       
1040 482 -51       
1040 483 -51       
1040 484 -51       
1040 513 -51       
1040 514 -51       
1040 515 -51       
1040 516 -51       
1040 517 -51       
1040 518 -51       
1040 519 -51       
1040 520 -51       
1040 521 -51       
1040 315 -50       
1040 316 -50       
1040 317 -50       
1040 318 -50       
1040 479 -50       
1040 480 -50       
1040 481 -50       
1040 482 -50       
1040 483 -50       
1040 484 -50       
1040 485 -50       
1040 486 -50       
1040 487 -50       
1040 488 -50       
1040 489 -50       
1040 490 -50       
1040 491 -50       
1040 492 -50       
1040 493 -50       
1040 494 -50       
1040 495 -50       
1040 496 -50       
1040 497 -50       
1040 498 -50       
1040 499 -50       
1040 500 -50       
1040 501 -50       
1040 502 -50       
1040 503 -50       
1040 504 -50       
1040 507 -50       
1040 508 -50       
1040 509 -50       
1040 510 -50       
1040 511 -50       
1040 512 -50       
1040 513 -50       
1040 514 -50       
1040 515 -50       
1040 516 -50       
1040 517 -50       
1040 518 -50       
1040 519 -50       
1040 315 -49       
1040 316 -49       
1040 317 -49       
1040 481 -49       
1040 482 -49       
1040 483 -49       
1040 484 -49       
1040 485 -49       
1040 486 -49       
1040 487 -49       
1040 488 -49       
1040 489 -49       
1040 490 -49       
1040 491 -49       
1040 492 -49       
1040 493 -49       
1040 494 -49       
1040 495 -49       
1040 496 -49       
1040 497 -49       
1040 498 -49       
1040 499 -49       
1040 500 -49       
1040 501 -49       
1040 502 -49       
1040 503 -49       
1040 504 -49       
1040 505 -49       
1040 506 -49       
1040 507 -49       
1040 508 -49       
1040 509 -49       
1040 510 -49       
1040 511 -49       
1040 512 -49       
1040 513 -49       
1040 514 -49       
1040 515 -49       
1040 516 -49       
1040 314 -48       
1040 315 -48       
1040 316 -48       
1040 317 -48       
1040 483 -48       
1040 487 -48       
1040 488 -48       
1040 489 -48       
1040 490 -48       
1040 491 -48       
1040 492 -48       
1040 493 -48       
1040 494 -48       
1040 495 -48       
1040 496 -48       
1040 497 -48       
1040 498 -48       
1040 499 -48       
1040 500 -48       
1040 501 -48       
1040 502 -48       
1040 503 -48       
1040 504 -48       
1040 505 -48       
1040 506 -48       
1040 507 -48       
1040 508 -48       
1040 509 -48       
1040 510 -48       
1040 511 -48       
1040 512 -48       
1040 314 -47       
1040 315 -47       
1040 316 -47       
1040 508 -47       
1040 313 -46       
1040 314 -46       
1040 315 -46       
1040 313 -45       
1040 314 -45       
1040 315 -45       
1040 312 -44       
1040 313 -44       
1040 314 -44       
1040 315 -44       
1040 312 -43       
1040 313 -43       
1040 314 -43       
1040 311 -42       
1040 312 -42       
1040 313 -42       
1040 314 -42       
1040 311 -41       
1040 312 -41       
1040 313 -41       
1040 314 -41       
1040 310 -40       
1040 311 -40       
1040 312 -40       
1040 313 -40       
1040 310 -39       
1040 311 -39       
1040 312 -39       
1040 313 -39       
1040 310 -38       
1040 311 -38       
1040 312 -38       
1040 310 -37       
1040 311 -37       
1040 312 -37       
1040 309 -36       
1040 310 -36       
1040 311 -36       
1040 312 -36       
1040 309 -35       
1040 310 -35       
1040 311 -35       
1040 309 -34       
1040 310 -34       
1040 311 -34       
1040 309 -33       
1040 310 -33       
1040 311 -33       
1040 309 -32       
1040 310 -32       
1040 311 -32       
1040 308 -31       
1040 309 -31       
1040 310 -31       
1040 311 -31       
1040 308 -30       
1040 309 -30       
1040 310 -30       
1040 308 -29       
1040 309 -29       
1040 310 -29       
1040 308 -28       
1040 309 -28       
1040 310 -28       
1040 308 -27       
1040 309 -27       
1040 310 -27       
1040 308 -26       
1040 309 -26       
1040 310 -26       
1040 308 -25       
1040 309 -25       
1040 308 -24       
1040 309 -24       
1040 307 -23       
1040 308 -23       
1040 309 -23       
1040 307 -22       
1040 308 -22       
1040 309 -22       
1040 307 -21       
1040 308 -21       
1040 309 -21       
1040 307 -20       
1040 308 -20       
1040 309 -20       
1040 306 -19       
1040 307 -19       
1040 308 -19       
1040 309 -19       
1040 306 -18       
1040 307 -18       
1040 308 -18       
1040 306 -17       
1040 307 -17       
1040 308 -17       
1040 306 -16       
1040 307 -16       
1040 308 -16       
1040 306 -15       
1040 307 -15       
1040 308 -15       
1040 306 -14       
1040 307 -14       
1040 308 -14       
1040 305 -13       
1040 306 -13       
1040 307 -13       
1040 308 -13       
1040 305 -12       
1040 306 -12       
1040 307 -12       
1040 305 -11       
1040 306 -11       
1040 307 -11       
1040 305 -10       
1040 306 -10       
1040 307 -10       
1040 304 -9       
1040 305 -9       
1040 306 -9       
1040 307 -9       
1040 304 -8       
1040 305 -8       
1040 306 -8       
1040 307 -8       
1040 304 -7       
1040 305 -7       
1040 306 -7       
1040 307 -7       
1040 304 -6       
1040 305 -6       
1040 306 -6       
1040 304 -5       
1040 305 -5       
1040 306 -5       
1040 304 -4       
1040 305 -4       
1040 306 -4       
1040 304 -3       
1040 305 -3       
1040 306 -3       
1040 304 -2       
1040 305 -2       
1040 306 -2       
1040 304 -1       
1040 305 -1       
1040 306 -1       
