1041	307	0
1041	308	0
1042	307	0
1042	308	0
1043	307	0
1043	308	0
1043	309	0
1044	307	0
1044	308	0
1044	309	0
1045	307	0
1045	308	0
1045	309	0
1046	307	0
1046	308	0
1046	309	0
1047	307	0
1047	308	0
1047	309	0
1048	307	0
1048	308	0
1048	309	0
1049	307	0
1049	308	0
1049	309	0
1050	307	0
1050	308	0
1051	307	0
1051	308	0
1052	307	0
1052	308	0
1053	307	0
1053	308	0
1053	309	0
1054	306	0
1054	307	0
1054	308	0
1054	309	0
1055	306	0
1055	307	0
1055	308	0
1055	309	0
1056	307	0
1056	308	0
1057	307	0
1057	308	0
1057	309	0
1058	307	0
1058	308	0
1059	307	0
1059	308	0
1060	308	0
1061	307	0
1061	308	0
1062	307	0
1062	308	0
1062	309	0
1063	307	0
1063	308	0
1063	309	0
1064	307	0
1064	308	0
1064	309	0
1065	308	0
1065	309	0
1066	308	0
1066	309	0
1067	308	0
1067	309	0
1067	310	0
1068	308	0
1068	309	0
1068	310	0
1069	308	0
1069	309	0
1069	310	0
1070	309	0
1070	310	0
1071	309	0
1071	310	0
1072	309	0
1072	310	0
1072	311	0
1073	309	0
1073	310	0
1073	311	0
1074	309	0
1074	310	0
1074	311	0
1075	309	0
1075	310	0
1075	311	0
1076	310	0
1076	311	0
1076	312	0
1077	310	0
1077	311	0
1077	312	0
1078	310	0
1078	311	0
1078	312	0
1079	311	0
1079	312	0
1079	313	0
1080	311	0
1080	312	0
1080	313	0
1081	312	0
1081	313	0
1081	314	0
1082	312	0
1082	313	0
1082	314	0
1083	312	0
1083	313	0
1083	314	0
1083	315	0
1084	313	0
1084	314	0
1084	315	0
1085	313	0
1085	314	0
1085	315	0
1086	313	0
1086	314	0
1086	315	0
1086	316	0
1087	313	0
1087	314	0
1087	315	0
1087	316	0
1088	314	0
1088	315	0
1088	316	0
1089	315	0
1089	316	0
1089	317	0
1090	316	0
1090	317	0
1091	316	0
1091	317	0
1091	318	0
1091	513	0
1091	514	0
1091	515	0
1091	522	0
1092	317	0
1092	318	0
1092	319	0
1092	512	0
1092	513	0
1092	514	0
1092	515	0
1092	516	0
1092	517	0
1092	518	0
1092	519	0
1092	520	0
1092	521	0
1092	522	0
1092	523	0
1092	524	0
1092	525	0
1092	526	0
1092	527	0
1092	528	0
1092	529	0
1092	530	0
1093	317	0
1093	318	0
1093	319	0
1093	511	0
1093	512	0
1093	513	0
1093	514	0
1093	515	0
1093	516	0
1093	517	0
1093	518	0
1093	519	0
1093	520	0
1093	521	0
1093	522	0
1093	523	0
1093	524	0
1093	525	0
1093	526	0
1093	527	0
1093	528	0
1093	529	0
1093	530	0
1093	531	0
1093	532	0
1093	533	0
1093	534	0
1094	318	0
1094	319	0
1094	320	0
1094	509	0
1094	510	0
1094	511	0
1094	512	0
1094	513	0
1094	514	0
1094	515	0
1094	516	0
1094	517	0
1094	518	0
1094	519	0
1094	520	0
1094	521	0
1094	522	0
1094	523	0
1094	524	0
1094	525	0
1094	526	0
1094	527	0
1094	528	0
1094	529	0
1094	530	0
1094	531	0
1094	532	0
1094	533	0
1094	534	0
1095	318	0
1095	319	0
1095	320	0
1095	508	0
1095	509	0
1095	510	0
1095	511	0
1095	512	0
1095	513	0
1095	514	0
1096	319	0
1096	320	0
1096	507	0
1096	508	0
1096	509	0
1096	510	0
1097	320	0
1097	321	0
1097	505	0
1097	506	0
1097	507	0
1097	508	0
1097	509	0
1098	321	0
1098	322	0
1098	504	0
1098	505	0
1098	506	0
1098	507	0
1099	321	0
1099	322	0
1099	502	0
1099	503	0
1099	504	0
1099	505	0
1099	506	0
1100	321	0
1100	322	0
1100	323	0
1100	500	0
1100	501	0
1100	502	0
1100	503	0
1100	504	0
1101	322	0
1101	323	0
1101	499	0
1101	500	0
1101	501	0
1101	502	0
1101	503	0
1102	497	0
1102	498	0
1102	499	0
1102	500	0
1102	501	0
1103	496	0
1103	497	0
1103	498	0
1103	499	0
1103	500	0
1104	495	0
1104	496	0
1104	497	0
1104	498	0
1105	326	0
1105	492	0
1105	493	0
1105	494	0
1105	495	0
1105	496	0
1106	326	0
1106	327	0
1106	490	0
1106	491	0
1106	492	0
1106	493	0
1106	494	0
1106	495	0
1107	327	0
1107	328	0
1107	488	0
1107	489	0
1107	490	0
1107	491	0
1107	492	0
1107	493	0
1107	494	0
1108	327	0
1108	328	0
1108	329	0
1108	486	0
1108	487	0
1108	488	0
1108	489	0
1108	490	0
1108	491	0
1108	492	0
1109	328	0
1109	329	0
1109	484	0
1109	485	0
1109	486	0
1109	487	0
1109	488	0
1109	489	0
1109	490	0
1110	330	0
1110	331	0
1110	482	0
1110	483	0
1110	484	0
1110	485	0
1110	486	0
1110	487	0
1110	488	0
1111	331	0
1111	332	0
1111	479	0
1111	480	0
1111	481	0
1111	482	0
1111	483	0
1111	484	0
1111	485	0
1111	486	0
1112	332	0
1112	333	0
1112	334	0
1112	477	0
1112	478	0
1112	479	0
1112	480	0
1112	481	0
1112	482	0
1112	483	0
1112	484	0
1113	332	0
1113	333	0
1113	334	0
1113	474	0
1113	475	0
1113	476	0
1113	477	0
1113	478	0
1113	479	0
1113	480	0
1113	481	0
1114	334	0
1114	335	0
1114	336	0
1114	472	0
1114	473	0
1114	474	0
1114	475	0
1114	476	0
1114	477	0
1114	478	0
1115	335	0
1115	336	0
1115	337	0
1115	338	0
1115	469	0
1115	470	0
1115	471	0
1115	472	0
1115	473	0
1115	474	0
1116	335	0
1116	336	0
1116	337	0
1116	338	0
1116	467	0
1116	468	0
1116	469	0
1116	470	0
1116	471	0
1116	472	0
1117	336	0
1117	337	0
1117	338	0
1117	339	0
1117	340	0
1117	464	0
1117	465	0
1117	466	0
1117	467	0
1117	468	0
1117	469	0
1118	338	0
1118	339	0
1118	340	0
1118	341	0
1118	460	0
1118	461	0
1118	462	0
1118	463	0
1118	464	0
1118	465	0
1118	466	0
1118	467	0
1118	468	0
1119	339	0
1119	340	0
1119	341	0
1119	342	0
1119	457	0
1119	458	0
1119	459	0
1119	460	0
1119	461	0
1119	462	0
1119	463	0
1120	340	0
1120	341	0
1120	342	0
1120	343	0
1120	455	0
1120	456	0
1120	457	0
1120	458	0
1120	459	0
1120	460	0
1120	461	0
1120	462	0
1121	341	0
1121	342	0
1121	343	0
1121	344	0
1121	345	0
1121	448	0
1121	449	0
1121	450	0
1121	451	0
1121	452	0
1121	453	0
1121	454	0
1121	455	0
1121	456	0
1121	457	0
1122	343	0
1122	344	0
1122	345	0
1122	346	0
1122	445	0
1122	446	0
1122	447	0
1122	448	0
1122	449	0
1122	450	0
1122	451	0
1122	452	0
1122	453	0
1122	454	0
1122	455	0
1122	456	0
1122	459	0
1123	344	0
1123	345	0
1123	346	0
1123	347	0
1123	439	0
1123	440	0
1123	441	0
1123	442	0
1123	443	0
1123	444	0
1123	445	0
1123	446	0
1123	447	0
1123	448	0
1123	449	0
1123	450	0
1123	451	0
1123	452	0
1123	453	0
1123	454	0
1124	345	0
1124	346	0
1124	347	0
1124	348	0
1124	416	0
1124	417	0
1124	418	0
1124	419	0
1124	420	0
1124	421	0
1124	422	0
1124	423	0
1124	424	0
1124	425	0
1124	426	0
1124	427	0
1124	428	0
1124	429	0
1124	430	0
1124	431	0
1124	432	0
1124	433	0
1124	434	0
1124	435	0
1124	436	0
1124	437	0
1124	438	0
1124	439	0
1124	440	0
1124	441	0
1124	442	0
1124	443	0
1124	444	0
1124	445	0
1124	446	0
1124	447	0
1124	448	0
1124	449	0
1124	450	0
1124	451	0
1124	452	0
1124	453	0
1125	347	0
1125	348	0
1125	349	0
1125	416	0
1125	417	0
1125	418	0
1125	419	0
1125	420	0
1125	421	0
1125	422	0
1125	423	0
1125	424	0
1125	425	0
1125	426	0
1125	427	0
1125	428	0
1125	429	0
1125	430	0
1125	431	0
1125	432	0
1125	433	0
1125	434	0
1125	435	0
1125	436	0
1125	437	0
1125	438	0
1125	439	0
1125	440	0
1125	441	0
1125	442	0
1125	443	0
1125	444	0
1125	447	0
1126	349	0
1126	350	0
1126	351	0
1126	415	0
1126	416	0
1126	417	0
1126	418	0
1126	419	0
1126	428	0
1126	432	0
1126	433	0
1126	434	0
1126	435	0
1127	349	0
1127	350	0
1127	351	0
1127	352	0
1127	353	0
1127	354	0
1127	414	0
1127	415	0
1127	416	0
1127	417	0
1127	418	0
1128	350	0
1128	351	0
1128	352	0
1128	353	0
1128	354	0
1128	355	0
1128	356	0
1128	357	0
1128	412	0
1128	413	0
1128	414	0
1128	415	0
1128	416	0
1128	417	0
1129	350	0
1129	351	0
1129	352	0
1129	353	0
1129	354	0
1129	355	0
1129	356	0
1129	357	0
1129	358	0
1129	359	0
1129	409	0
1129	410	0
1129	411	0
1129	412	0
1129	413	0
1129	414	0
1129	415	0
1130	351	0
1130	352	0
1130	353	0
1130	354	0
1130	355	0
1130	356	0
1130	357	0
1130	358	0
1130	359	0
1130	360	0
1130	361	0
1130	404	0
1130	405	0
1130	406	0
1130	407	0
1130	408	0
1130	409	0
1130	410	0
1130	411	0
1130	412	0
1131	358	0
1131	359	0
1131	360	0
1131	361	0
1131	362	0
1131	363	0
1131	398	0
1131	399	0
1131	400	0
1131	401	0
1131	402	0
1131	403	0
1131	404	0
1131	405	0
1131	406	0
1131	407	0
1132	361	0
1132	362	0
1132	363	0
1132	364	0
1132	365	0
1132	366	0
1132	367	0
1132	368	0
1132	369	0
1132	395	0
1132	396	0
1132	397	0
1132	398	0
1132	399	0
1132	400	0
1132	401	0
1132	402	0
1132	403	0
1132	404	0
1132	405	0
1133	365	0
1133	366	0
1133	367	0
1133	368	0
1133	369	0
1133	370	0
1133	371	0
1133	372	0
1133	373	0
1133	374	0
1133	375	0
1133	376	0
1133	377	0
1133	378	0
1133	379	0
1133	380	0
1133	381	0
1133	382	0
1133	383	0
1133	384	0
1133	385	0
1133	386	0
1133	387	0
1133	388	0
1133	389	0
1133	390	0
1133	391	0
1133	392	0
1133	393	0
1133	394	0
1133	395	0
1133	396	0
1133	397	0
1133	398	0
1133	399	0
1133	400	0
1134	369	0
1134	370	0
1134	371	0
1134	372	0
1134	373	0
1134	374	0
1134	375	0
1134	376	0
1134	377	0
1134	378	0
1134	379	0
1134	380	0
1134	381	0
1134	382	0
1134	383	0
1134	384	0
1134	385	0
1134	386	0
1134	387	0
1134	388	0
1134	389	0
1134	390	0
1134	391	0
1134	392	0
1134	393	0
1134	394	0
1134	395	0
1134	396	0
1135	376	0
1135	377	0
1135	378	0
1135	379	0
1135	380	0
1135	381	0
1135	382	0
1135	383	0
1135	384	0
1135	385	0
