1000 1963 -96       
1000 1964 -96       
1000 1957 -95       
1000 1958 -95       
1000 1959 -95       
1000 1960 -95       
1000 1961 -95       
1000 1962 -95       
1000 1963 -95       
1000 1964 -95       
1000 1965 -95       
1000 1966 -95       
1000 1967 -95       
1000 1968 -95       
1000 1969 -95       
1000 1970 -95       
1000 1971 -95       
1000 1972 -95       
1000 1973 -95       
1000 1974 -95       
1000 1975 -95       
1000 1976 -95       
1000 1955 -94       
1000 1956 -94       
1000 1957 -94       
1000 1958 -94       
1000 1959 -94       
1000 1960 -94       
1000 1961 -94       
1000 1962 -94       
1000 1963 -94       
1000 1964 -94       
1000 1965 -94       
1000 1966 -94       
1000 1967 -94       
1000 1968 -94       
1000 1969 -94       
1000 1970 -94       
1000 1971 -94       
1000 1972 -94       
1000 1973 -94       
1000 1974 -94       
1000 1975 -94       
1000 1976 -94       
1000 1977 -94       
1000 1978 -94       
1000 1979 -94       
1000 1980 -94       
1000 1981 -94       
1000 1950 -93       
1000 1951 -93       
1000 1952 -93       
1000 1953 -93       
1000 1954 -93       
1000 1955 -93       
1000 1956 -93       
1000 1957 -93       
1000 1958 -93       
1000 1959 -93       
1000 1960 -93       
1000 1961 -93       
1000 1962 -93       
1000 1963 -93       
1000 1972 -93       
1000 1973 -93       
1000 1974 -93       
1000 1975 -93       
1000 1976 -93       
1000 1977 -93       
1000 1978 -93       
1000 1979 -93       
1000 1980 -93       
1000 1981 -93       
1000 1982 -93       
1000 1983 -93       
1000 1947 -92       
1000 1948 -92       
1000 1949 -92       
1000 1950 -92       
1000 1951 -92       
1000 1952 -92       
1000 1953 -92       
1000 1954 -92       
1000 1977 -92       
1000 1978 -92       
1000 1979 -92       
1000 1980 -92       
1000 1981 -92       
1000 1982 -92       
1000 1983 -92       
1000 1984 -92       
1000 1945 -91       
1000 1946 -91       
1000 1947 -91       
1000 1948 -91       
1000 1949 -91       
1000 1950 -91       
1000 1951 -91       
1000 1980 -91       
1000 1981 -91       
1000 1982 -91       
1000 1983 -91       
1000 1984 -91       
1000 1944 -90       
1000 1945 -90       
1000 1946 -90       
1000 1947 -90       
1000 1948 -90       
1000 1983 -90       
1000 1984 -90       
1000 1985 -90       
1000 1942 -89       
1000 1943 -89       
1000 1944 -89       
1000 1945 -89       
1000 1946 -89       
1000 1947 -89       
1000 1941 -88       
1000 1942 -88       
1000 1943 -88       
1000 1944 -88       
1000 1945 -88       
1000 1986 -88       
1000 1941 -87       
1000 1942 -87       
1000 1986 -87       
1000 1987 -87       
1000 1937 -86       
1000 1938 -86       
1000 1939 -86       
1000 1986 -86       
1000 1987 -86       
1000 1988 -86       
1000 1936 -85       
1000 1937 -85       
1000 1938 -85       
1000 1939 -85       
1000 1986 -85       
1000 1987 -85       
1000 1988 -85       
1000 1934 -84       
1000 1935 -84       
1000 1936 -84       
1000 1937 -84       
1000 1938 -84       
1000 1986 -84       
1000 1987 -84       
1000 1988 -84       
1000 1930 -83       
1000 1931 -83       
1000 1932 -83       
1000 1933 -83       
1000 1934 -83       
1000 1935 -83       
1000 1936 -83       
1000 1937 -83       
1000 1987 -83       
1000 1988 -83       
1000 1892 -82       
1000 1893 -82       
1000 1894 -82       
1000 1895 -82       
1000 1896 -82       
1000 1897 -82       
1000 1898 -82       
1000 1899 -82       
1000 1900 -82       
1000 1926 -82       
1000 1927 -82       
1000 1928 -82       
1000 1929 -82       
1000 1930 -82       
1000 1931 -82       
1000 1932 -82       
1000 1933 -82       
1000 1934 -82       
1000 1988 -82       
1000 1892 -81       
1000 1893 -81       
1000 1894 -81       
1000 1895 -81       
1000 1896 -81       
1000 1897 -81       
1000 1898 -81       
1000 1899 -81       
1000 1900 -81       
1000 1901 -81       
1000 1902 -81       
1000 1903 -81       
1000 1904 -81       
1000 1905 -81       
1000 1906 -81       
1000 1907 -81       
1000 1908 -81       
1000 1909 -81       
1000 1910 -81       
1000 1911 -81       
1000 1912 -81       
1000 1913 -81       
1000 1920 -81       
1000 1921 -81       
1000 1922 -81       
1000 1923 -81       
1000 1924 -81       
1000 1925 -81       
1000 1926 -81       
1000 1927 -81       
1000 1928 -81       
1000 1929 -81       
1000 1930 -81       
1000 1931 -81       
1000 1932 -81       
1000 1988 -81       
1000 1895 -80       
1000 1896 -80       
1000 1897 -80       
1000 1898 -80       
1000 1899 -80       
1000 1900 -80       
1000 1901 -80       
1000 1902 -80       
1000 1903 -80       
1000 1904 -80       
1000 1905 -80       
1000 1906 -80       
1000 1907 -80       
1000 1908 -80       
1000 1909 -80       
1000 1910 -80       
1000 1911 -80       
1000 1912 -80       
1000 1913 -80       
1000 1914 -80       
1000 1915 -80       
1000 1916 -80       
1000 1917 -80       
1000 1918 -80       
1000 1919 -80       
1000 1920 -80       
1000 1921 -80       
1000 1922 -80       
1000 1923 -80       
1000 1924 -80       
1000 1925 -80       
1000 1926 -80       
1000 1927 -80       
1000 1988 -80       
1000 1987 -79       
1000 1988 -79       
1000 1987 -78       
1000 1988 -78       
1000 1987 -77       
1000 1988 -77       
1000 1988 -76       
1000 1988 -75       
1000 1988 -74       
1000 1988 -73       
1000 1989 -73       
1000 1988 -72       
1000 1989 -72       
1000 1988 -71       
1000 1989 -71       
1000 1988 -70       
1000 1989 -70       
1000 1989 -69       
1000 1989 -68       
1000 1989 -67       
1000 1990 -67       
1000 1989 -66       
1000 1990 -66       
1000 1989 -65       
1000 1990 -65       
1000 1989 -64       
1000 1990 -64       
1000 1989 -63       
1000 1988 -62       
1000 1989 -62       
1000 1988 -61       
1000 1989 -61       
1000 1989 -60       
1000 1989 -59       
1000 1989 -58       
1000 1989 -57       
1000 1989 -56       
1000 1990 -56       
1000 1989 -55       
1000 1990 -55       
1000 1989 -54       
1000 1990 -54       
1000 1989 -53       
1000 1990 -53       
1000 1989 -52       
1000 1990 -52       
1000 1989 -51       
1000 1990 -51       
1000 1989 -50       
1000 1989 -49       
1000 1989 -48       
1000 1989 -47       
1000 1989 -46       
1000 1989 -45       
1000 1989 -44       
1000 1988 -43       
1000 1989 -43       
1000 1988 -42       
1000 1989 -42       
1000 1988 -41       
1000 1989 -41       
1000 1988 -40       
1000 1989 -40       
1000 1988 -39       
1000 1988 -38       
1000 1988 -37       
1000 1987 -35       
1000 1988 -35       
1000 1986 -34       
1000 1987 -34       
1000 1988 -34       
1000 1986 -33       
1000 1987 -33       
1000 1988 -33       
1000 1986 -32       
1000 1987 -32       
1000 1988 -32       
1000 1986 -31       
1000 1987 -31       
1000 1988 -31       
1000 1986 -30       
1000 1987 -30       
1000 1988 -30       
1000 1986 -29       
1000 1987 -29       
1000 1988 -29       
1000 1986 -28       
1000 1987 -28       
1000 1988 -28       
1000 1986 -27       
1000 1987 -27       
1000 1988 -27       
1000 1987 -26       
1000 1988 -26       
1000 1987 -25       
1000 1988 -25       
1000 1987 -24       
1000 1988 -24       
1000 1987 -23       
1000 1988 -23       
1000 1987 -22       
1000 1988 -22       
1000 1987 -21       
1000 1988 -21       
1000 1987 -20       
1000 1988 -20       
1000 1987 -19       
1000 1988 -19       
1000 1987 -18       
1000 1988 -18       
1000 1987 -17       
1000 1988 -17       
1000 1987 -16       
1000 1988 -16       
1000 1892 -15       
1000 1893 -15       
1000 1987 -15       
1000 1988 -15       
1000 1892 -14       
1000 1893 -14       
1000 1894 -14       
1000 1895 -14       
1000 1896 -14       
1000 1897 -14       
1000 1898 -14       
1000 1987 -14       
1000 1988 -14       
1000 1892 -13       
1000 1893 -13       
1000 1894 -13       
1000 1895 -13       
1000 1896 -13       
1000 1897 -13       
1000 1898 -13       
1000 1899 -13       
1000 1900 -13       
1000 1901 -13       
1000 1902 -13       
1000 1987 -13       
1000 1988 -13       
1000 1898 -12       
1000 1899 -12       
1000 1900 -12       
1000 1901 -12       
1000 1902 -12       
1000 1903 -12       
1000 1904 -12       
1000 1987 -12       
1000 1988 -12       
1000 1900 -11       
1000 1901 -11       
1000 1902 -11       
1000 1903 -11       
1000 1904 -11       
1000 1905 -11       
1000 1906 -11       
1000 1907 -11       
1000 1987 -11       
1000 1988 -11       
1000 1903 -10       
1000 1904 -10       
1000 1905 -10       
1000 1906 -10       
1000 1907 -10       
1000 1908 -10       
1000 1909 -10       
1000 1910 -10       
1000 1987 -10       
1000 1988 -10       
1000 1906 -9       
1000 1907 -9       
1000 1908 -9       
1000 1909 -9       
1000 1910 -9       
1000 1911 -9       
1000 1987 -9       
1000 1988 -9       
1000 1909 -8       
1000 1910 -8       
1000 1911 -8       
1000 1912 -8       
1000 1987 -8       
1000 1988 -8       
1000 1911 -7       
1000 1912 -7       
1000 1913 -7       
1000 1987 -7       
1000 1988 -7       
1000 1912 -6       
1000 1913 -6       
1000 1914 -6       
1000 1915 -6       
1000 1987 -6       
1000 1988 -6       
1000 1914 -5       
1000 1915 -5       
1000 1916 -5       
1000 1987 -5       
1000 1988 -5       
1000 1989 -5       
1000 1915 -4       
1000 1916 -4       
1000 1917 -4       
1000 1987 -4       
1000 1988 -4       
1000 1989 -4       
1000 1917 -3       
1000 1918 -3       
1000 1919 -3       
1000 1987 -3       
1000 1988 -3       
1000 1989 -3       
1000 1918 -2       
1000 1919 -2       
1000 1920 -2       
1000 1921 -2       
1000 1987 -2       
1000 1988 -2       
1000 1989 -2       
1000 1918 -1       
1000 1919 -1       
1000 1920 -1       
1000 1921 -1       
1000 1922 -1       
1000 1986 -1       
1000 1987 -1       
1000 1988 -1       
1000 1989 -1       
