1000 1920 1       
1000 1921 1       
1000 1922 1       
1000 1923 1       
1000 1924 1       
1000 1987 1       
1000 1988 1       
1000 1989 1       
1000 1990 1       
1000 1921 2       
1000 1922 2       
1000 1923 2       
1000 1924 2       
1000 1925 2       
1000 1988 2       
1000 1989 2       
1000 1990 2       
1000 1922 3       
1000 1923 3       
1000 1924 3       
1000 1925 3       
1000 1926 3       
1000 1987 3       
1000 1988 3       
1000 1989 3       
1000 1990 3       
1000 1923 4       
1000 1924 4       
1000 1925 4       
1000 1926 4       
1000 1927 4       
1000 1987 4       
1000 1989 4       
1000 1990 4       
1000 1924 5       
1000 1925 5       
1000 1926 5       
1000 1927 5       
1000 1928 5       
1000 1986 5       
1000 1987 5       
1000 1988 5       
1000 1989 5       
1000 1990 5       
1000 1925 6       
1000 1926 6       
1000 1927 6       
1000 1928 6       
1000 1929 6       
1000 1986 6       
1000 1987 6       
1000 1988 6       
1000 1989 6       
1000 1925 7       
1000 1926 7       
1000 1927 7       
1000 1928 7       
1000 1929 7       
1000 1930 7       
1000 1987 7       
1000 1926 8       
1000 1927 8       
1000 1928 8       
1000 1929 8       
1000 1930 8       
1000 1987 8       
1000 1928 9       
1000 1929 9       
1000 1930 9       
1000 1931 9       
1000 1987 9       
1000 1929 10       
1000 1930 10       
1000 1931 10       
1000 1932 10       
1000 1987 10       
1000 1929 11       
1000 1930 11       
1000 1931 11       
1000 1932 11       
1000 1987 11       
1000 1930 12       
1000 1931 12       
1000 1932 12       
1000 1933 12       
1000 1987 12       
1000 1931 13       
1000 1932 13       
1000 1933 13       
1000 1934 13       
1000 1987 13       
1000 1931 14       
1000 1932 14       
1000 1933 14       
1000 1934 14       
1000 1987 14       
1000 1988 14       
1000 1932 15       
1000 1933 15       
1000 1934 15       
1000 1935 15       
1000 1987 15       
1000 1988 15       
1000 1933 16       
1000 1934 16       
1000 1935 16       
1000 1936 16       
1000 1987 16       
1000 1934 17       
1000 1935 17       
1000 1936 17       
1000 1937 17       
1000 1987 17       
1000 1934 18       
1000 1935 18       
1000 1936 18       
1000 1937 18       
1000 1987 18       
1000 1935 19       
1000 1936 19       
1000 1937 19       
1000 1938 19       
1000 1987 19       
1000 1937 20       
1000 1938 20       
1000 1939 20       
1000 1987 20       
1000 1988 20       
1000 1937 21       
1000 1938 21       
1000 1939 21       
1000 1940 21       
1000 1987 21       
1000 1988 21       
1000 1938 22       
1000 1939 22       
1000 1940 22       
1000 1941 22       
1000 1987 22       
1000 1988 22       
1000 1939 23       
1000 1940 23       
1000 1941 23       
1000 1987 23       
1000 1988 23       
1000 1940 24       
1000 1941 24       
1000 1942 24       
1000 1987 24       
1000 1988 24       
1000 1940 25       
1000 1941 25       
1000 1942 25       
1000 1943 25       
1000 1987 25       
1000 1988 25       
1000 1941 26       
1000 1942 26       
1000 1943 26       
1000 1944 26       
1000 1987 26       
1000 1988 26       
1000 1942 27       
1000 1943 27       
1000 1944 27       
1000 1945 27       
1000 1987 27       
1000 1988 27       
1000 1942 28       
1000 1943 28       
1000 1944 28       
1000 1945 28       
1000 1946 28       
1000 1987 28       
1000 1988 28       
1000 1943 29       
1000 1944 29       
1000 1945 29       
1000 1946 29       
1000 1947 29       
1000 1988 29       
1000 1945 30       
1000 1946 30       
1000 1947 30       
1000 1948 30       
1000 1988 30       
1000 1946 31       
1000 1947 31       
1000 1948 31       
1000 1988 31       
1000 1989 31       
1000 1990 31       
1000 1947 32       
1000 1948 32       
1000 1949 32       
1000 1987 32       
1000 1988 32       
1000 1989 32       
1000 1990 32       
1000 1947 33       
1000 1948 33       
1000 1949 33       
1000 1988 33       
1000 1989 33       
1000 1990 33       
1000 1948 34       
1000 1949 34       
1000 1950 34       
1000 1988 34       
1000 1949 35       
1000 1950 35       
1000 1951 35       
1000 1988 35       
1000 1989 35       
1000 1990 35       
1000 1991 35       
1000 1949 36       
1000 1950 36       
1000 1951 36       
1000 1988 36       
1000 1989 36       
1000 1990 36       
1000 1991 36       
1000 1950 37       
1000 1951 37       
1000 1952 37       
1000 1988 37       
1000 1989 37       
1000 1990 37       
1000 1991 37       
1000 1951 38       
1000 1952 38       
1000 1988 38       
1000 1989 38       
1000 1990 38       
1000 1991 38       
1000 1951 39       
1000 1952 39       
1000 1953 39       
1000 1988 39       
1000 1989 39       
1000 1990 39       
1000 1951 40       
1000 1952 40       
1000 1953 40       
1000 1954 40       
1000 1988 40       
1000 1989 40       
1000 1990 40       
1000 1952 41       
1000 1953 41       
1000 1954 41       
1000 1988 41       
1000 1989 41       
1000 1990 41       
1000 1952 42       
1000 1953 42       
1000 1954 42       
1000 1988 42       
1000 1989 42       
1000 1990 42       
1000 1953 43       
1000 1954 43       
1000 1955 43       
1000 1988 43       
1000 1989 43       
1000 1990 43       
1000 1953 44       
1000 1954 44       
1000 1955 44       
1000 1988 44       
1000 1989 44       
1000 1990 44       
1000 1954 45       
1000 1955 45       
1000 1988 45       
1000 1989 45       
1000 1990 45       
1000 1954 46       
1000 1955 46       
1000 1956 46       
1000 1987 46       
1000 1988 46       
1000 1989 46       
1000 1990 46       
1000 1954 47       
1000 1955 47       
1000 1956 47       
1000 1987 47       
1000 1988 47       
1000 1989 47       
1000 1990 47       
1000 1955 48       
1000 1956 48       
1000 1987 48       
1000 1988 48       
1000 1989 48       
1000 1990 48       
1000 1955 49       
1000 1956 49       
1000 1957 49       
1000 1987 49       
1000 1988 49       
1000 1989 49       
1000 1990 49       
1000 1955 50       
1000 1956 50       
1000 1957 50       
1000 1987 50       
1000 1988 50       
1000 1989 50       
1000 1990 50       
1000 1956 51       
1000 1957 51       
1000 1988 51       
1000 1989 51       
1000 1990 51       
1000 1956 52       
1000 1957 52       
1000 1988 52       
1000 1989 52       
1000 1990 52       
1000 1956 53       
1000 1957 53       
1000 1988 53       
1000 1989 53       
1000 1990 53       
1000 1956 54       
1000 1957 54       
1000 1988 54       
1000 1989 54       
1000 1990 54       
1000 1956 55       
1000 1957 55       
1000 1988 55       
1000 1989 55       
1000 1990 55       
1000 1956 56       
1000 1957 56       
1000 1988 56       
1000 1989 56       
1000 1990 56       
1000 1956 57       
1000 1957 57       
1000 1988 57       
1000 1989 57       
1000 1990 57       
1000 1956 58       
1000 1957 58       
1000 1958 58       
1000 1988 58       
1000 1989 58       
1000 1990 58       
1000 1956 59       
1000 1957 59       
1000 1958 59       
1000 1988 59       
1000 1989 59       
1000 1990 59       
1000 1956 60       
1000 1957 60       
1000 1958 60       
1000 1988 60       
1000 1989 60       
1000 1990 60       
1000 1991 60       
1000 1956 61       
1000 1957 61       
1000 1958 61       
1000 1989 61       
1000 1990 61       
1000 1991 61       
1000 1956 62       
1000 1957 62       
1000 1958 62       
1000 1989 62       
1000 1990 62       
1000 1991 62       
1000 1956 63       
1000 1957 63       
1000 1958 63       
1000 1989 63       
1000 1990 63       
1000 1991 63       
1000 1956 64       
1000 1957 64       
1000 1958 64       
1000 1989 64       
1000 1990 64       
1000 1991 64       
1000 1957 65       
1000 1958 65       
1000 1989 65       
1000 1990 65       
1000 1991 65       
1000 1957 66       
1000 1958 66       
1000 1990 66       
1000 1958 67       
1000 1990 67       
1000 1991 67       
1000 1958 68       
1000 1990 68       
1000 1991 68       
1000 1958 69       
1000 1990 69       
1000 1991 69       
1000 1957 70       
1000 1958 70       
1000 1959 70       
1000 1990 70       
1000 1991 70       
1000 1958 71       
1000 1959 71       
1000 1990 71       
1000 1991 71       
1000 1958 72       
1000 1959 72       
1000 1990 72       
1000 1991 72       
1000 1958 73       
1000 1959 73       
1000 1960 73       
1000 1990 73       
1000 1991 73       
1000 1958 74       
1000 1959 74       
1000 1960 74       
1000 1967 74       
1000 1990 74       
1000 1991 74       
1000 1958 75       
1000 1959 75       
1000 1960 75       
1000 1967 75       
1000 1990 75       
1000 1991 75       
1000 1958 76       
1000 1959 76       
1000 1960 76       
1000 1967 76       
1000 1968 76       
1000 1990 76       
1000 1991 76       
1000 1958 77       
1000 1959 77       
1000 1960 77       
1000 1967 77       
1000 1968 77       
1000 1989 77       
1000 1990 77       
1000 1991 77       
1000 1958 78       
1000 1959 78       
1000 1967 78       
1000 1968 78       
1000 1989 78       
1000 1990 78       
1000 1991 78       
1000 1958 79       
1000 1959 79       
1000 1960 79       
1000 1967 79       
1000 1968 79       
1000 1988 79       
1000 1989 79       
1000 1990 79       
1000 1958 80       
1000 1959 80       
1000 1960 80       
1000 1967 80       
1000 1968 80       
1000 1969 80       
1000 1988 80       
1000 1989 80       
1000 1990 80       
1000 1958 81       
1000 1959 81       
1000 1960 81       
1000 1967 81       
1000 1968 81       
1000 1969 81       
1000 1985 81       
1000 1986 81       
1000 1987 81       
1000 1988 81       
1000 1989 81       
1000 1990 81       
1000 1958 82       
1000 1959 82       
1000 1960 82       
1000 1967 82       
1000 1968 82       
1000 1969 82       
1000 1986 82       
1000 1987 82       
1000 1988 82       
1000 1989 82       
1000 1990 82       
1000 1958 83       
1000 1959 83       
1000 1960 83       
1000 1967 83       
1000 1968 83       
1000 1969 83       
1000 1987 83       
1000 1988 83       
1000 1989 83       
1000 1990 83       
1000 1991 83       
1000 1958 84       
1000 1959 84       
1000 1960 84       
1000 1968 84       
1000 1969 84       
1000 1988 84       
1000 1989 84       
1000 1990 84       
1000 1991 84       
1000 1959 85       
1000 1960 85       
1000 1968 85       
1000 1969 85       
1000 1970 85       
1000 1988 85       
1000 1989 85       
1000 1990 85       
1000 1991 85       
1000 1959 86       
1000 1960 86       
1000 1969 86       
1000 1970 86       
1000 1971 86       
1000 1989 86       
1000 1990 86       
1000 1991 86       
1000 1959 87       
1000 1960 87       
1000 1961 87       
1000 1970 87       
1000 1971 87       
1000 1972 87       
1000 1989 87       
1000 1990 87       
1000 1991 87       
1000 1959 88       
1000 1960 88       
1000 1961 88       
1000 1972 88       
1000 1973 88       
1000 1989 88       
1000 1990 88       
1000 1959 89       
1000 1960 89       
1000 1961 89       
1000 1973 89       
1000 1974 89       
1000 1975 89       
1000 1989 89       
1000 1990 89       
1000 1959 90       
1000 1960 90       
1000 1961 90       
1000 1976 90       
1000 1977 90       
1000 1978 90       
1000 1979 90       
1000 1980 90       
1000 1981 90       
1000 1989 90       
1000 1990 90       
1000 1959 91       
1000 1960 91       
1000 1961 91       
1000 1965 91       
1000 1977 91       
1000 1978 91       
1000 1979 91       
1000 1980 91       
1000 1989 91       
1000 1990 91       
1000 1959 92       
1000 1960 92       
1000 1961 92       
1000 1965 92       
1000 1977 92       
1000 1978 92       
1000 1979 92       
1000 1988 92       
1000 1989 92       
1000 1959 93       
1000 1960 93       
1000 1961 93       
1000 1966 93       
1000 1978 93       
1000 1979 93       
1000 1980 93       
1000 1983 93       
1000 1988 93       
1000 1989 93       
1000 1960 94       
1000 1961 94       
1000 1962 94       
1000 1966 94       
1000 1979 94       
1000 1980 94       
1000 1983 94       
1000 1987 94       
1000 1988 94       
1000 1989 94       
1000 1960 95       
1000 1961 95       
1000 1962 95       
1000 1966 95       
1000 1967 95       
1000 1979 95       
1000 1980 95       
1000 1983 95       
1000 1987 95       
1000 1988 95       
1000 1989 95       
1000 1960 96       
1000 1961 96       
1000 1962 96       
1000 1966 96       
1000 1967 96       
1000 1980 96       
1000 1981 96       
1000 1982 96       
1000 1983 96       
1000 1985 96       
1000 1989 96       
1000 1960 97       
1000 1961 97       
1000 1962 97       
1000 1963 97       
1000 1967 97       
1000 1982 97       
1000 1983 97       
1000 1984 97       
1000 1985 97       
1000 1989 97       
1000 1961 98       
1000 1962 98       
1000 1963 98       
1000 1967 98       
1000 1968 98       
1000 1982 98       
1000 1983 98       
1000 1984 98       
1000 1988 98       
1000 1989 98       
1000 1961 99       
1000 1962 99       
1000 1963 99       
1000 1964 99       
1000 1967 99       
1000 1968 99       
1000 1982 99       
1000 1983 99       
1000 1988 99       
1000 1989 99       
1000 1961 100       
1000 1962 100       
1000 1963 100       
1000 1964 100       
1000 1967 100       
1000 1968 100       
1000 1969 100       
1000 1983 100       
1000 1984 100       
1000 1988 100       
1000 1989 100       
1000 1961 101       
1000 1962 101       
1000 1963 101       
1000 1964 101       
1000 1965 101       
1000 1968 101       
1000 1969 101       
1000 1983 101       
1000 1984 101       
1000 1985 101       
1000 1988 101       
1000 1989 101       
1000 1962 102       
1000 1963 102       
1000 1964 102       
1000 1965 102       
1000 1968 102       
1000 1969 102       
1000 1970 102       
1000 1984 102       
1000 1985 102       
1000 1986 102       
1000 1987 102       
1000 1988 102       
1000 1989 102       
1000 1963 103       
1000 1964 103       
1000 1965 103       
1000 1968 103       
1000 1969 103       
1000 1970 103       
1000 1985 103       
1000 1986 103       
1000 1987 103       
1000 1988 103       
1000 1989 103       
1000 1963 104       
1000 1964 104       
1000 1965 104       
1000 1969 104       
1000 1970 104       
1000 1986 104       
1000 1987 104       
1000 1988 104       
1000 1989 104       
1000 1963 105       
1000 1964 105       
1000 1965 105       
1000 1966 105       
1000 1970 105       
1000 1986 105       
1000 1987 105       
1000 1988 105       
1000 1989 105       
1000 1962 106       
1000 1963 106       
1000 1964 106       
1000 1965 106       
1000 1966 106       
1000 1970 106       
1000 1971 106       
1000 1987 106       
1000 1988 106       
1000 1989 106       
1000 1963 107       
1000 1964 107       
1000 1965 107       
1000 1966 107       
1000 1970 107       
1000 1971 107       
1000 1972 107       
1000 1987 107       
1000 1988 107       
1000 1989 107       
1000 1990 107       
1000 1963 108       
1000 1964 108       
1000 1965 108       
1000 1966 108       
1000 1967 108       
1000 1971 108       
1000 1972 108       
1000 1973 108       
1000 1987 108       
1000 1988 108       
1000 1989 108       
1000 1990 108       
1000 1963 109       
1000 1964 109       
1000 1965 109       
1000 1966 109       
1000 1967 109       
1000 1971 109       
1000 1972 109       
1000 1973 109       
1000 1987 109       
1000 1988 109       
1000 1989 109       
1000 1990 109       
1000 1963 110       
1000 1964 110       
1000 1967 110       
1000 1968 110       
1000 1974 110       
1000 1988 110       
1000 1989 110       
1000 1990 110       
1000 1963 111       
1000 1964 111       
1000 1967 111       
1000 1968 111       
1000 1969 111       
1000 1974 111       
1000 1988 111       
1000 1989 111       
1000 1990 111       
1000 1963 112       
1000 1964 112       
1000 1965 112       
1000 1967 112       
1000 1968 112       
1000 1969 112       
1000 1973 112       
1000 1975 112       
1000 1988 112       
1000 1989 112       
1000 1990 112       
1000 1963 113       
1000 1964 113       
1000 1965 113       
1000 1968 113       
1000 1969 113       
1000 1973 113       
1000 1974 113       
1000 1988 113       
1000 1989 113       
1000 1990 113       
1000 1963 114       
1000 1964 114       
1000 1965 114       
1000 1968 114       
1000 1969 114       
1000 1973 114       
1000 1974 114       
1000 1988 114       
1000 1989 114       
1000 1963 115       
1000 1964 115       
1000 1965 115       
1000 1968 115       
1000 1969 115       
1000 1973 115       
1000 1987 115       
1000 1988 115       
1000 1989 115       
1000 1963 116       
1000 1964 116       
1000 1965 116       
1000 1968 116       
1000 1969 116       
1000 1986 116       
1000 1987 116       
1000 1988 116       
1000 1989 116       
1000 1964 117       
1000 1965 117       
1000 1968 117       
1000 1969 117       
1000 1970 117       
1000 1986 117       
1000 1987 117       
1000 1988 117       
1000 1989 117       
1000 1990 117       
1000 1964 118       
1000 1965 118       
1000 1966 118       
1000 1968 118       
1000 1969 118       
1000 1970 118       
1000 1985 118       
1000 1986 118       
1000 1987 118       
1000 1988 118       
1000 1989 118       
1000 1990 118       
1000 1964 119       
1000 1965 119       
1000 1966 119       
1000 1969 119       
1000 1970 119       
1000 1983 119       
1000 1984 119       
1000 1985 119       
1000 1986 119       
1000 1987 119       
1000 1988 119       
1000 1989 119       
1000 1990 119       
1000 1964 120       
1000 1965 120       
1000 1966 120       
1000 1969 120       
1000 1974 120       
1000 1983 120       
1000 1984 120       
1000 1985 120       
1000 1989 120       
1000 1990 120       
1000 1965 121       
1000 1966 121       
1000 1969 121       
1000 1974 121       
1000 1975 121       
1000 1976 121       
1000 1983 121       
1000 1990 121       
1000 1965 122       
1000 1966 122       
1000 1967 122       
1000 1970 122       
1000 1974 122       
1000 1975 122       
1000 1976 122       
1000 1977 122       
1000 1990 122       
1000 1965 123       
1000 1966 123       
1000 1967 123       
1000 1970 123       
1000 1971 123       
1000 1972 123       
1000 1973 123       
1000 1974 123       
1000 1975 123       
1000 1976 123       
1000 1990 123       
1000 1991 123       
1000 1965 124       
1000 1966 124       
1000 1967 124       
1000 1970 124       
1000 1971 124       
1000 1972 124       
1000 1973 124       
1000 1990 124       
1000 1991 124       
1000 1966 125       
1000 1967 125       
1000 1971 125       
1000 1972 125       
1000 1973 125       
1000 1989 125       
1000 1990 125       
1000 1991 125       
1000 1966 126       
1000 1967 126       
1000 1968 126       
1000 1971 126       
1000 1972 126       
1000 1973 126       
1000 1988 126       
1000 1989 126       
1000 1990 126       
1000 1991 126       
1000 1966 127       
1000 1967 127       
1000 1968 127       
1000 1972 127       
1000 1973 127       
1000 1974 127       
1000 1987 127       
1000 1988 127       
1000 1989 127       
1000 1990 127       
1000 1991 127       
1000 1966 128       
1000 1967 128       
1000 1968 128       
1000 1969 128       
1000 1972 128       
1000 1973 128       
1000 1974 128       
1000 1987 128       
1000 1988 128       
1000 1989 128       
1000 1990 128       
1000 1991 128       
1000 1966 129       
1000 1967 129       
1000 1968 129       
1000 1969 129       
1000 1973 129       
1000 1974 129       
1000 1986 129       
1000 1987 129       
1000 1988 129       
1000 1989 129       
1000 1990 129       
1000 1991 129       
1000 1992 129       
1000 1967 130       
1000 1968 130       
1000 1969 130       
1000 1973 130       
1000 1974 130       
1000 1976 130       
1000 1986 130       
1000 1987 130       
1000 1988 130       
1000 1990 130       
1000 1991 130       
1000 1992 130       
1000 1967 131       
1000 1968 131       
1000 1969 131       
1000 1973 131       
1000 1974 131       
1000 1975 131       
1000 1976 131       
1000 1985 131       
1000 1986 131       
1000 1987 131       
1000 1990 131       
1000 1991 131       
1000 1992 131       
1000 1967 132       
1000 1968 132       
1000 1969 132       
1000 1970 132       
1000 1973 132       
1000 1974 132       
1000 1975 132       
1000 1976 132       
1000 1983 132       
1000 1984 132       
1000 1985 132       
1000 1990 132       
1000 1991 132       
1000 1992 132       
1000 1967 133       
1000 1968 133       
1000 1969 133       
1000 1970 133       
1000 1971 133       
1000 1973 133       
1000 1974 133       
1000 1975 133       
1000 1976 133       
1000 1977 133       
1000 1978 133       
1000 1979 133       
1000 1980 133       
1000 1981 133       
1000 1982 133       
1000 1983 133       
1000 1984 133       
1000 1990 133       
1000 1991 133       
1000 1992 133       
1000 1967 134       
1000 1968 134       
1000 1969 134       
1000 1970 134       
1000 1971 134       
1000 1979 134       
1000 1980 134       
1000 1981 134       
1000 1982 134       
1000 1989 134       
1000 1990 134       
1000 1991 134       
1000 1992 134       
1000 1967 135       
1000 1968 135       
1000 1969 135       
1000 1970 135       
1000 1971 135       
1000 1972 135       
1000 1988 135       
1000 1989 135       
1000 1990 135       
1000 1991 135       
1000 1992 135       
1000 1967 136       
1000 1968 136       
1000 1969 136       
1000 1970 136       
1000 1971 136       
1000 1972 136       
1000 1988 136       
1000 1989 136       
1000 1990 136       
1000 1991 136       
1000 1967 137       
1000 1968 137       
1000 1969 137       
1000 1970 137       
1000 1971 137       
1000 1972 137       
1000 1987 137       
1000 1988 137       
1000 1989 137       
1000 1990 137       
1000 1991 137       
1000 1967 138       
1000 1968 138       
1000 1969 138       
1000 1970 138       
1000 1971 138       
1000 1972 138       
1000 1987 138       
1000 1988 138       
1000 1989 138       
1000 1990 138       
1000 1991 138       
1000 1967 139       
1000 1968 139       
1000 1969 139       
1000 1971 139       
1000 1972 139       
1000 1987 139       
1000 1988 139       
1000 1989 139       
1000 1990 139       
1000 1991 139       
1000 1967 140       
1000 1968 140       
1000 1969 140       
1000 1971 140       
1000 1972 140       
1000 1986 140       
1000 1987 140       
1000 1988 140       
1000 1989 140       
1000 1990 140       
1000 1991 140       
1000 1967 141       
1000 1968 141       
1000 1969 141       
1000 1972 141       
1000 1973 141       
1000 1984 141       
1000 1985 141       
1000 1986 141       
1000 1987 141       
1000 1988 141       
1000 1989 141       
1000 1990 141       
1000 1967 142       
1000 1968 142       
1000 1969 142       
1000 1972 142       
1000 1973 142       
1000 1974 142       
1000 1983 142       
1000 1984 142       
1000 1985 142       
1000 1986 142       
1000 1987 142       
1000 1988 142       
1000 1989 142       
1000 1990 142       
1000 1967 143       
1000 1968 143       
1000 1969 143       
1000 1973 143       
1000 1974 143       
1000 1975 143       
1000 1976 143       
1000 1977 143       
1000 1978 143       
1000 1979 143       
1000 1982 143       
1000 1983 143       
1000 1984 143       
1000 1985 143       
1000 1987 143       
1000 1988 143       
1000 1989 143       
1000 1990 143       
1000 1966 144       
1000 1967 144       
1000 1968 144       
1000 1969 144       
1000 1975 144       
1000 1976 144       
1000 1977 144       
1000 1978 144       
1000 1979 144       
1000 1980 144       
1000 1981 144       
1000 1982 144       
1000 1983 144       
1000 1987 144       
1000 1988 144       
1000 1989 144       
1000 1990 144       
1000 1966 145       
1000 1967 145       
1000 1968 145       
1000 1969 145       
1000 1978 145       
1000 1979 145       
1000 1986 145       
1000 1987 145       
1000 1988 145       
1000 1989 145       
1000 1990 145       
1000 1966 146       
1000 1967 146       
1000 1968 146       
1000 1969 146       
1000 1986 146       
1000 1987 146       
1000 1988 146       
1000 1989 146       
1000 1967 147       
1000 1968 147       
1000 1969 147       
1000 1970 147       
1000 1985 147       
1000 1986 147       
1000 1987 147       
1000 1988 147       
1000 1967 148       
1000 1968 148       
1000 1969 148       
1000 1970 148       
1000 1971 148       
1000 1982 148       
1000 1983 148       
1000 1984 148       
1000 1985 148       
1000 1986 148       
1000 1987 148       
1000 1968 149       
1000 1969 149       
1000 1970 149       
1000 1971 149       
1000 1972 149       
1000 1973 149       
1000 1974 149       
1000 1978 149       
1000 1979 149       
1000 1980 149       
1000 1981 149       
1000 1982 149       
1000 1983 149       
1000 1984 149       
1000 1985 149       
1000 1986 149       
1000 1968 150       
1000 1969 150       
1000 1970 150       
1000 1971 150       
1000 1972 150       
1000 1973 150       
1000 1974 150       
1000 1975 150       
1000 1976 150       
1000 1977 150       
1000 1978 150       
1000 1979 150       
1000 1980 150       
1000 1981 150       
1000 1982 150       
1000 1983 150       
1000 1984 150       
1000 1968 151       
1000 1969 151       
1000 1970 151       
1000 1971 151       
1000 1972 151       
1000 1973 151       
1000 1974 151       
1000 1975 151       
1000 1976 151       
1000 1977 151       
1000 1978 151       
1000 1979 151       
1000 1980 151       
1000 1981 151       
1000 1982 151       
1000 1983 151       
1000 1970 152       
1000 1971 152       
1000 1972 152       
1000 1973 152       
1000 1974 152       
1000 1975 152       
1000 1976 152       
1000 1977 152       
1000 1978 152       
1000 1979 152       
1000 1980 152       
1000 1981 152       
