340 223 21       
340 231 25       
340 239 26       
340 248 25       
340 260 25       
340 263 20       
340 268 21       
340 272 20       
340 278 18       
340 287 17       
340 290 16       
340 297 13       
340 304 11       
340 310 9       
340 313 8       
340 320 3       
340 324 2       
340 333 1       
340 340 3       
340 349 3       
340 360 6       
340 372 6       
340 380 6       
340 388 6       
340 397 7       
340 403 11       
340 412 10       
340 418 13       
340 427 13       
340 435 15       