340 222 -7       
340 228 -10       
340 233 -13       
340 240 -16       
340 249 -18       
340 258 -19       
340 261 -13       
340 266 -16       
340 272 -19       
340 277 -21       
340 285 -23       
340 293 -25       
340 302 -26       
340 310 -29       
340 317 -29       
340 324 -30       
340 335 -31       
340 339 -31       
340 346 -32       
340 352 -29       
340 360 -28       
340 369 -26       
340 378 -26       
340 387 -24       
340 397 -22       
340 404 -22       
340 414 -18       
340 422 -16       
340 431 -12       
340 440 -9       